Score: 12
LRWHQSCXGUJTDBEONAVMPFKI
HETSIXBQGDMCJARFPLNOUVKW
AICWFDHNULQMKXTOPVEJGBSR
WXTNFECUAHKBJOSMGIVLQRPD
JKDLOWFQHMBPNUISVCTRGEAX
BTLFOCJHIERMKGQNDUXVASWP

Scoring Faults: 0 + 12 = 12
   A  B  C  D  E  F  G  H  I  J  K  L  M  N  O  P  Q  R  S  T  U  V  W  X
A 00 01 01 00 01 01 01 11 11 11 01 00 01 11 00 01 00 01 11 00 00 01 02 11
B 01 00 00 11 01 01 11 02 01 00 11 01 01 00 01 11 11 01 01 11 00 00 00 01
C 01 00 00 01 01 01 01 01 01 01 00 00 11 00 11 00 01 01 01 01 11 11 11 11
D 00 11 01 00 01 11 11 01 00 01 01 11 01 01 01 11 01 01 00 00 11 01 00 01
E 01 01 01 01 00 11 11 11 11 11 00 00 01 00 11 01 00 01 01 01 01 01 00 01
F 01 01 01 11 11 00 00 01 01 01 01 11 00 01 01 11 11 11 00 01 01 00 01 00
G 01 11 01 11 11 00 00 00 11 01 11 01 01 01 00 00 01 01 01 01 11 01 00 01
H 11 02 01 01 11 01 00 00 00 11 01 01 11 11 01 01 00 01 01 01 00 00 11 00
I 11 01 01 00 11 01 11 00 00 00 11 01 01 01 00 01 01 01 11 00 01 01 01 11
J 11 00 01 01 11 01 01 11 00 00 11 01 01 00 12 01 00 01 01 11 01 01 00 00
K 01 11 00 01 00 01 11 01 11 11 00 01 00 01 01 01 01 00 00 01 01 01 11 11
L 00 01 00 11 00 11 01 01 01 01 01 00 01 01 01 11 01 11 00 01 11 11 01 00
M 01 01 11 01 01 00 01 11 01 01 00 01 00 01 01 01 11 11 11 00 01 11 00 00
N 11 00 00 01 00 01 01 11 01 00 01 01 01 00 11 01 11 00 01 11 11 01 01 01
O 00 01 11 01 11 01 00 01 00 12 01 01 01 11 00 01 01 00 01 11 00 00 11 01
P 01 11 00 11 01 11 00 01 01 01 01 11 01 01 01 00 01 01 01 00 00 11 11 00
Q 00 11 01 01 00 11 01 00 01 00 01 01 11 11 01 01 00 11 11 00 01 00 01 02
R 01 01 01 01 01 11 01 01 01 01 00 11 11 00 00 01 11 00 11 11 00 01 01 00
S 11 01 01 00 01 00 01 01 11 01 00 00 11 01 01 01 11 11 00 11 01 00 01 01
T 00 11 01 00 01 01 01 01 00 11 01 01 00 11 11 00 00 11 11 00 01 01 01 02
U 00 00 11 11 01 01 11 00 01 01 01 11 01 11 00 00 01 00 01 01 00 12 01 01
V 01 00 11 01 01 00 01 00 01 01 01 11 11 01 00 11 00 01 00 01 12 00 01 11
W 02 00 11 00 00 01 00 11 01 00 11 01 00 01 11 11 01 01 01 01 01 01 00 11
X 11 01 11 01 01 00 01 00 11 00 11 00 00 01 01 00 02 00 01 02 01 11 11 00

Score: 4
ALWOPEVFDNHQJRBXUIKMSGTC
KBDTOCRUFQIGJESLANMPHVWX
CNEWRIDPLVUTKQOJFSAXGHBM
OXNTHUJFCMVDPKLGEIABQSRW
MLRFKHACXUPQIWJTVNBSDEGO
GVJARNFKDBWUTMEQXLCISHPO

Scoring Faults: 0 + 4 = 4
   A  B  C  D  E  F  G  H  I  J  K  L  M  N  O  P  Q  R  S  T  U  V  W  X
A 00 11 11 00 01 01 01 01 01 11 01 11 01 11 01 01 00 00 01 00 00 01 01 11
B 11 00 00 12 01 00 01 01 01 01 11 00 11 01 00 00 00 01 11 01 01 01 01 11
C 11 00 00 01 01 00 01 01 11 00 01 01 11 11 11 00 00 01 01 11 01 01 01 01
D 00 12 01 00 11 00 01 01 01 00 01 00 01 11 01 11 01 01 00 11 01 11 01 00
E 01 01 01 11 00 01 01 00 11 11 00 01 01 01 01 11 11 00 01 01 00 01 11 00
F 01 00 00 00 01 00 01 01 01 11 11 01 01 01 00 01 11 12 11 00 01 11 00 01
G 01 01 01 01 01 01 00 11 11 01 01 11 01 00 11 01 01 00 11 01 00 11 00 00
H 01 01 01 01 00 01 11 00 00 01 11 00 01 01 01 01 11 00 11 00 11 11 01 01
I 01 01 11 01 11 01 11 00 00 01 01 01 01 00 00 01 01 11 00 01 11 00 11 01
J 11 01 00 00 11 11 01 01 01 00 01 01 00 00 11 00 01 11 01 11 01 01 01 01
K 01 11 01 01 00 11 01 11 01 01 00 01 11 01 01 11 11 01 00 01 01 00 00 00
L 11 00 01 00 01 01 11 00 01 01 01 00 11 00 01 01 00 01 11 01 01 11 01 11
M 01 11 11 01 01 01 01 01 01 00 11 11 00 01 00 11 01 01 00 11 01 01 00 00
N 11 01 11 11 01 01 00 01 00 00 01 00 01 00 01 01 01 11 01 11 00 11 01 01
O 01 00 11 01 01 00 11 01 00 11 01 01 00 01 00 11 01 01 01 01 01 00 11 11
P 01 00 00 11 11 01 01 01 01 00 11 01 11 01 11 00 11 01 01 00 01 01 00 01
Q 00 00 00 01 11 11 01 11 01 01 11 00 01 01 01 11 00 01 11 01 01 00 01 01
R 00 01 01 01 00 12 00 00 11 11 01 01 01 11 01 01 01 00 01 00 11 00 11 01
S 01 11 01 00 01 11 11 11 00 01 00 11 00 01 01 01 11 01 00 01 00 01 01 01
T 00 01 11 11 01 00 01 00 01 11 01 01 11 11 01 00 01 00 01 00 11 01 01 01
U 00 01 01 01 00 01 00 11 11 01 01 01 01 00 01 01 01 11 00 11 00 01 11 11
V 01 01 01 11 01 11 11 11 00 01 00 11 01 11 00 01 00 00 01 01 01 00 01 01
W 01 01 01 01 11 00 00 01 11 01 00 01 00 01 11 00 01 11 01 01 11 01 00 11
X 11 11 01 00 00 01 00 01 01 01 00 11 00 01 11 01 01 01 01 01 11 01 11 00

real	2m46.911s
user	2m46.952s
sys	0m0.758s
