Mon Oct 14 02:33:19 CDT 2002	Running ./pairs -n 30 -g 29
Population = 100	MaxIter = 100000000
TermCount = 1000000	MaxSwap = 10
Opt = 0
Iteration Best Cnt  Score       Mutates   Cross-Ovr Inserts
        0         1 1770,  0         1         1         1 1940   1
    10000       124 740,  0    144471     10000      2437 740   1
    20000       479 540,  0    174355     10000       931 540   1
    30000      2238 430,  0    180526     10000       590 430   1
    40000      4373 380,  0    184593     10000       444 380   1
    50000        14 330,  0    188336     10000       276 330   1
    60000      1608 290,  0    187574     10000       304 290   1
    70000      3007 250,  0    189170     10000       268 250   1
    80000       413 230,  0    190729     10000       166 230   1
    90000      2903 220,  0    193807     10000        93 220   1
   100000       389 180,  0    190615     10000       208 180   1
   110000      2562 170,  0    191166     10000       148 170   1
   120000     12562 170,  0    195289     10000        56 170   1
   130000      5088 160,  0    196126     10000        44 160   1
   140000      2846 150,  0    195269     10000        66 150   1
   150000     12846 150,  0    193237     10000        96 150   1
   160000      9029 140,  0    195212     10000        54 140   1
   170000     19029 140,  0    195022     10000        40 140   1
   180000     29029 140,  0    196808     10000        30 140   1
   190000     39029 140,  0    196846     10000        38 140   1
   200000     49029 140,  0    199221     10000         0 999999   0
   210000     59029 140,  0    198974     10000         0 999999   0
   220000      6599 130,  0    199088     10000         2 130   1
   230000     16599 130,  0    198993     10000         2 130   1
   240000     26599 130,  0    198879     10000         2 130   1
   250000     36599 130,  0    198955     10000         5 130   1
   260000     46599 130,  0    198062     10000        15 130   1
   270000      3022 110,  0    196808     10000        50 110   1
   280000     13022 110,  0    195953     10000        52 110   1
   290000     23022 110,  0    194017     10000        57 110   1
   300000     33022 110,  0    198290     10000        19 110   1
   310000     43022 110,  0    197987     10000        12 110   1
   320000     53022 110,  0    197094     10000        34 110   1
   330000     63022 110,  0    197264     10000        27 110   1
   340000     73022 110,  0    199259     10000         0 999999   0
   350000      9821 100,  0    199392     10000         1 100   1
   360000     19821 100,  0    199392     10000         0 999999   0
   370000     29821 100,  0    199240     10000         2 100   1
   380000     39821 100,  0    199164     10000         3 100   1
   390000     49821 100,  0    199278     10000         0 999999   0
   400000     59821 100,  0    199183     10000         5 100   1
   410000     69821 100,  0    199164     10000         4 100   1
   420000     79821 100,  0    199031     10000         4 100   1
   430000     89821 100,  0    198880     10000         6 100   1
   440000     99821 100,  0    198538     10000        11 100   1
   450000    109821 100,  0    198271     10000        19 100   1
   460000    119821 100,  0    197967     10000        23 100   1
   470000    129821 100,  0    197570     10000        22 100   1
   480000    139821 100,  0    199430     10000         0 999999   0
   490000    149821 100,  0    199240     10000         0 999999   0
   500000    159821 100,  0    199107     10000         0 999999   0
   510000      5394  90,  0    199392     10000         1  90   1
   520000     15394  90,  0    199259     10000         0 999999   0
   530000     25394  90,  0    199316     10000         0 999999   0
   540000     35394  90,  0    199525     10000         0 999999   0
   550000     45394  90,  0    199088     10000         0 999999   0
   560000     55394  90,  0    199183     10000         3  90   1
   570000     65394  90,  0    199259     10000         2  90   1
   580000     75394  90,  0    198784     10000         2  90   1
   590000     85394  90,  0    199069     10000         3  90   1
   600000     95394  90,  0    198955     10000         4  90   1
   610000    105394  90,  0    199050     10000         6  90   1
   620000      8305  80,  0    198936     10000         3  80   1
   630000     18305  80,  0    198005     10000        27  80   1
   640000     28305  80,  0    197113     10000        37  80   1
   650000     38305  80,  0    198233     10000        15  80   1
   660000     48305  80,  0    198689     10000        11  80   1
   670000     58305  80,  0    198500     10000        16  80   1
   680000     68305  80,  0    198556     10000        13  80   1
   690000     78305  80,  0    198347     10000        23  80   1
   700000      9467  70,  0    197929     10000        26  70   1
   710000     19467  70,  0    199392     10000         2  70   1
   720000     29467  70,  0    199487     10000         2  70   1
   730000     39467  70,  0    199088     10000         4  70   1
   740000     49467  70,  0    199183     10000         5  70   1
   750000      3779  60,  0    198917     10000        13  60   1
   760000     13779  60,  0    197949     10000        30  60   1
   770000     23779  60,  0    196941     10000        44  60   1
   780000     33779  60,  0    199202     10000         2  60   1
   790000     43779  60,  0    199050     10000         8  60   1
   800000     53779  60,  0    198917     10000        11  60   1
   810000       948  50,  0    198993     10000         8  50   1
   820000     10948  50,  0    198442     10000        12  60   1
   830000     20948  50,  0    197815     10000        25  50   1
   840000     30948  50,  0    197511     10000        31  50   1
   850000     40948  50,  0    199145     10000         4  50   1
   860000      6778  40,  0    198898     10000         7  40   1
   870000     16778  40,  0    198632     10000        13  40   1
   880000     26778  40,  0    198157     10000        23  40   1
   890000     36778  40,  0    197321     10000        23  40   1
   900000     46778  40,  0    197454     10000        26  40   1
   910000     56778  40,  0    199145     10000         5  40   1
   920000      6838  30,  0    198955     10000        11  30   1
   930000     16838  30,  0    198670     10000        14  30   1
   940000     26838  30,  0    198670     10000        11  30   1
   950000     36838  30,  0    198309     10000        14  40   1
   960000     46838  30,  0    197418     10000        23  30   1
   970000     56838  30,  0    198537     10000        13  30   1
   980000     66838  30,  0    199563     10000         0 999999   0
   990000     76838  30,  0    199506     10000         4  30   1
  1000000     86838  30,  0    199601     10000         1  30   1
  1010000     96838  30,  0    199544     10000         3  30   1
  1020000    106838  30,  0    199582     10000         2  30   1
  1030000    116838  30,  0    199392     10000         4  30   1
  1040000    126838  30,  0    199450     10000         2  30   1
  1050000    136838  30,  0    199449     10000         0 999999   0
  1060000    146838  30,  0    199430     10000         3  30   1
  1070000    156838  30,  0    199335     10000         4  30   1
  1080000    166838  30,  0    199221     10000         3  30   1
  1090000    176838  30,  0    199259     10000         2  30   1
  1100000    186838  30,  0    199336     10000         3  30   1
  1110000    196838  30,  0    199108     10000         7  30   1
  1120000    206838  30,  0    199203     10000         5  30   1
  1130000    216838  30,  0    199221     10000         9  30   1
  1140000      9517  20,  0    198898     10000        13  20   1
  1150000     19517  20,  0    198841     10000        18  30   1
  1160000     29517  20,  0    198842     10000         9  30   1
  1170000     39517  20,  0    199715     10000         1  20   1
  1180000     49517  20,  0    199563     10000         6  20   1
  1190000     59517  20,  0    199411     10000        11  20   1
  1200000     69517  20,  0    199525     10000         5  20   1
  1210000     79517  20,  0    199354     10000        11  20   1
  1220000     89517  20,  0    199241     10000        18  20   1
  1230000     99517  20,  0    199317     10000        15  20   1
  1240000    109517  20,  0    199221     10000        14  20   1
  1250000    119517  20,  0    199107     10000        16  20   1
  1260000    129517  20,  0    199506     10000         2  20   1
  1270000    139517  20,  0    199677     10000         0 999999   0
  1280000    149517  20,  0    199582     10000         0 999999   0
  1290000    159517  20,  0    199430     10000         0 999999   0
  1300000    169517  20,  0    199449     10000         0 999999   0
  1310000    179517  20,  0    199582     10000         0 999999   0
  1320000    189517  20,  0    199563     10000         0 999999   0
  1330000    199517  20,  0    199601     10000         0 999999   0
  1340000    209517  20,  0    199582     10000         0 999999   0
  1350000    219517  20,  0    199677     10000         0 999999   0
  1360000    229517  20,  0    199544     10000         0 999999   0
  1370000    239517  20,  0    199582     10000         0 999999   0

  1373304         0   0,  0     65890      3304         1  *


Total Time = 1484 seconds; Search Time = 1483 seconds.
Best Configuration:
AB CD EF GH IJ KL MN OP QR ST UV WX YZ 12 34
WA 42 RU C1 JQ ZT IX KB SL PV DE FY MO 3G NH
2P MI FW XK JB 4U RY OA GD SV N3 CZ 1E LT QH
MW OJ N1 RL AS IF HE QZ X2 GK DV C3 T4 PB UY
PS 2I Y3 QN FD VB 4H KM J1 TE LO AR GZ XU CW
IZ G1 3R KY FH SX LD U2 VQ OW 4E CT MB NA PJ
B1 WU GI AH 3K VL FC ZD YN E2 XJ PQ O4 RS TM
CS ZE 2T 4Y WL BH DA U1 OG 3J MP QK NF IR XV
13 AP UZ YB QF WV SO XC KI TD RE NL M4 G2 JH
3F EC GM NS UA 1Y OH PD TR 4Q BX JL IV ZW 2K
4N MY JK GV WS O2 A1 DU TH BC QI ZX EL FR P3
4X AZ HR 2D EI SB M1 KV OC GL U3 WP JN YQ TF
XN ZR QC KF BU ID GP L3 ME HV S1 W2 4A OY TJ
MH T3 2L ZF QU AJ WR XG K4 O1 ND VY ES IB CP
14 LY DK UC VE JF OR MX WB SQ PT 2Z IN 3H AG
AY DX BO QE LZ VM S3 TI HP 4C N2 RK FU 1W GJ
GB IO E3 DQ ZJ MA HW PR VC TN S4 2F K1 YX UL
KW BR 4G ZS UO HX YD PE LA TQ IC 32 VN 1F JM
LP GR FO 4Z QM 2H WN XE UK CY T1 B3 DJ VA SI
Y2 SH W3 RN PK D1 FL J4 XA EO MC BZ UI VT QG
3D PX OV 4R TG HI FA YE JW 1Z UN SK QB LC 2M
XQ BT GW S2 UM LI 3A VJ OD NE P1 YH RC 4F ZK
3Z CH DM SG PI TU LX KA R1 4V FB Q2 WY JE NO
O3 NK QL RD WT CG JU 4P 2V EB YS AI FX ZM H1
AE LB DW RM HU 4I Q1 SF YG CN TK PZ OX 2J 3V
SU ML B2 EW JY CA Q3 GN FP RV D4 TX KH OZ I1
X3 4B OT PU L1 KC YI FV WQ SM HD 2A GE ZN RJ
YP 2R BN OQ DS EK I3 CJ AT FM 4W UG VZ LH 1X
2C BD FG ZH YT SJ OK QA EU PN V1 L4 IW 3M XR

Score = 0
Old Score = 0
Bad partnerings
  A B C D E F G H I J K L M N O P Q R S T U V W X Y Z 1 2 3 4 
A . 1 1 1 1 1 1 1 1 1 1 1 1 1 1 1 1 1 1 1 1 1 1 1 1 1 1 1 1 1
B 1 . 1 1 1 1 1 1 1 1 1 1 1 1 1 1 1 1 1 1 1 1 1 1 1 1 1 1 1 1
C 1 1 . 1 1 1 1 1 1 1 1 1 1 1 1 1 1 1 1 1 1 1 1 1 1 1 1 1 1 1
D 1 1 1 . 1 1 1 1 1 1 1 1 1 1 1 1 1 1 1 1 1 1 1 1 1 1 1 1 1 1
E 1 1 1 1 . 1 1 1 1 1 1 1 1 1 1 1 1 1 1 1 1 1 1 1 1 1 1 1 1 1
F 1 1 1 1 1 . 1 1 1 1 1 1 1 1 1 1 1 1 1 1 1 1 1 1 1 1 1 1 1 1
G 1 1 1 1 1 1 . 1 1 1 1 1 1 1 1 1 1 1 1 1 1 1 1 1 1 1 1 1 1 1
H 1 1 1 1 1 1 1 . 1 1 1 1 1 1 1 1 1 1 1 1 1 1 1 1 1 1 1 1 1 1
I 1 1 1 1 1 1 1 1 . 1 1 1 1 1 1 1 1 1 1 1 1 1 1 1 1 1 1 1 1 1
J 1 1 1 1 1 1 1 1 1 . 1 1 1 1 1 1 1 1 1 1 1 1 1 1 1 1 1 1 1 1
K 1 1 1 1 1 1 1 1 1 1 . 1 1 1 1 1 1 1 1 1 1 1 1 1 1 1 1 1 1 1
L 1 1 1 1 1 1 1 1 1 1 1 . 1 1 1 1 1 1 1 1 1 1 1 1 1 1 1 1 1 1
M 1 1 1 1 1 1 1 1 1 1 1 1 . 1 1 1 1 1 1 1 1 1 1 1 1 1 1 1 1 1
N 1 1 1 1 1 1 1 1 1 1 1 1 1 . 1 1 1 1 1 1 1 1 1 1 1 1 1 1 1 1
O 1 1 1 1 1 1 1 1 1 1 1 1 1 1 . 1 1 1 1 1 1 1 1 1 1 1 1 1 1 1
P 1 1 1 1 1 1 1 1 1 1 1 1 1 1 1 . 1 1 1 1 1 1 1 1 1 1 1 1 1 1
Q 1 1 1 1 1 1 1 1 1 1 1 1 1 1 1 1 . 1 1 1 1 1 1 1 1 1 1 1 1 1
R 1 1 1 1 1 1 1 1 1 1 1 1 1 1 1 1 1 . 1 1 1 1 1 1 1 1 1 1 1 1
S 1 1 1 1 1 1 1 1 1 1 1 1 1 1 1 1 1 1 . 1 1 1 1 1 1 1 1 1 1 1
T 1 1 1 1 1 1 1 1 1 1 1 1 1 1 1 1 1 1 1 . 1 1 1 1 1 1 1 1 1 1
U 1 1 1 1 1 1 1 1 1 1 1 1 1 1 1 1 1 1 1 1 . 1 1 1 1 1 1 1 1 1
V 1 1 1 1 1 1 1 1 1 1 1 1 1 1 1 1 1 1 1 1 1 . 1 1 1 1 1 1 1 1
W 1 1 1 1 1 1 1 1 1 1 1 1 1 1 1 1 1 1 1 1 1 1 . 1 1 1 1 1 1 1
X 1 1 1 1 1 1 1 1 1 1 1 1 1 1 1 1 1 1 1 1 1 1 1 . 1 1 1 1 1 1
Y 1 1 1 1 1 1 1 1 1 1 1 1 1 1 1 1 1 1 1 1 1 1 1 1 . 1 1 1 1 1
Z 1 1 1 1 1 1 1 1 1 1 1 1 1 1 1 1 1 1 1 1 1 1 1 1 1 . 1 1 1 1
1 1 1 1 1 1 1 1 1 1 1 1 1 1 1 1 1 1 1 1 1 1 1 1 1 1 1 . 1 1 1
2 1 1 1 1 1 1 1 1 1 1 1 1 1 1 1 1 1 1 1 1 1 1 1 1 1 1 1 . 1 1
3 1 1 1 1 1 1 1 1 1 1 1 1 1 1 1 1 1 1 1 1 1 1 1 1 1 1 1 1 . 1
4 1 1 1 1 1 1 1 1 1 1 1 1 1 1 1 1 1 1 1 1 1 1 1 1 1 1 1 1 1 .
