Sun Oct 13 17:39:42 CDT 2002	Running ./pairs -n 18 -g 17
Population = 100	MaxIter = 100000000
TermCount = 1000000	MaxSwap = 10
Opt = 0
Iteration Best Cnt  Score       Mutates   Cross-Ovr Inserts
        0         1 530,  0         1         1         1 790   1
    10000      1964 240,  0    166619     10000      1284 240   1
    20000       863 130,  0    182677     10000       539 130   1
    30000      1175  80,  0    186875     10000       354  80   1
    40000      9031  70,  0    191148     10000       182  70   1
    50000      4496  50,  0    192952     10000       119  50   1
    60000     14496  50,  0    192973     10000        79  50   1
    70000      2654  40,  0    196657     10000        40  40   1
    80000      4186  30,  0    197283     10000        37  30   1
    90000     14186  30,  0    197986     10000        14  40   1
   100000      5118  20,  0    196772     10000        35  20   1
   110000     15118  20,  0    196088     10000        46  20   1
   120000     25118  20,  0    195880     10000        35  20   1
   130000     35118  20,  0    194705     10000        53  20   1
   140000     45118  20,  0    198388     10000        14  20   1
   150000     55118  20,  0    197568     10000        40  20   1
   160000     65118  20,  0    198461     10000        16  20   1
   170000     75118  20,  0    198860     10000         0 999999   0
   180000     85118  20,  0    198860     10000         0 999999   0
   190000     95118  20,  0    199088     10000         0 999999   0
   200000    105118  20,  0    199070     10000         0 999999   0
   210000    115118  20,  0    198727     10000         0 999999   0
   220000    125118  20,  0    199107     10000         0 999999   0
   230000    135118  20,  0    198880     10000         0 999999   0
   240000    145118  20,  0    198955     10000         0 999999   0
   250000    155118  20,  0    198955     10000         0 999999   0
   260000    165118  20,  0    198898     10000         0 999999   0
   270000    175118  20,  0    198708     10000         0 999999   0
   280000    185118  20,  0    198784     10000         0 999999   0
   290000    195118  20,  0    198765     10000         0 999999   0
   300000    205118  20,  0    198633     10000         0 999999   0
   310000    215118  20,  0    198708     10000         0 999999   0
   320000    225118  20,  0    198974     10000         0 999999   0
   330000    235118  20,  0    198955     10000         0 999999   0
   340000    245118  20,  0    199107     10000         0 999999   0
   350000    255118  20,  0    198841     10000         0 999999   0
   360000    265118  20,  0    198974     10000         0 999999   0
   370000    275118  20,  0    199107     10000         0 999999   0
   380000    285118  20,  0    198784     10000         0 999999   0
   390000    295118  20,  0    199051     10000         0 999999   0
   400000    305118  20,  0    199145     10000         0 999999   0
   410000    315118  20,  0    199107     10000         0 999999   0
   420000    325118  20,  0    198765     10000         0 999999   0
   430000    335118  20,  0    198747     10000         0 999999   0
   440000    345118  20,  0    199012     10000         0 999999   0
   450000    355118  20,  0    198746     10000         0 999999   0
   460000    365118  20,  0    198727     10000         0 999999   0
   470000    375118  20,  0    198746     10000         0 999999   0
   480000    385118  20,  0    198955     10000         0 999999   0
   490000    395118  20,  0    199240     10000         0 999999   0
   500000    405118  20,  0    199069     10000         0 999999   0
   510000    415118  20,  0    198879     10000         0 999999   0
   520000    425118  20,  0    199259     10000         0 999999   0
   530000    435118  20,  0    198936     10000         0 999999   0
   540000    445118  20,  0    198936     10000         0 999999   0
   550000    455118  20,  0    198974     10000         0 999999   0
   560000    465118  20,  0    198956     10000         0 999999   0
   570000    475118  20,  0    198727     10000         0 999999   0
   580000    485118  20,  0    198974     10000         0 999999   0
   590000    495118  20,  0    198936     10000         0 999999   0
   600000    505118  20,  0    199031     10000         0 999999   0
   610000    515118  20,  0    199088     10000         0 999999   0
   620000    525118  20,  0    198652     10000         0 999999   0
   630000    535118  20,  0    198879     10000         0 999999   0
   640000    545118  20,  0    198955     10000         0 999999   0
   650000    555118  20,  0    198841     10000         0 999999   0
   660000    565118  20,  0    199012     10000         0 999999   0
   670000    575118  20,  0    198860     10000         0 999999   0
   680000    585118  20,  0    198898     10000         0 999999   0
   690000    595118  20,  0    198974     10000         0 999999   0
   700000    605118  20,  0    198860     10000         0 999999   0
   710000    615118  20,  0    198842     10000         0 999999   0
   720000    625118  20,  0    198898     10000         0 999999   0
   730000    635118  20,  0    198879     10000         0 999999   0
   740000    645118  20,  0    198803     10000         0 999999   0
   750000    655118  20,  0    198936     10000         0 999999   0
   760000    665118  20,  0    199050     10000         0 999999   0
   770000    675118  20,  0    198670     10000         0 999999   0
   780000    685118  20,  0    198879     10000         0 999999   0
   790000    695118  20,  0    198709     10000         0 999999   0
   800000    705118  20,  0    198917     10000         0 999999   0
   810000    715118  20,  0    198879     10000         0 999999   0
   820000    725118  20,  0    199145     10000         0 999999   0
   830000    735118  20,  0    198822     10000         0 999999   0
   840000    745118  20,  0    199031     10000         0 999999   0
   850000    755118  20,  0    199012     10000         0 999999   0
   860000    765118  20,  0    198765     10000         0 999999   0
   870000    775118  20,  0    198841     10000         0 999999   0
   880000    785118  20,  0    198936     10000         0 999999   0
   890000    795118  20,  0    198822     10000         0 999999   0
   900000    805118  20,  0    198613     10000         0 999999   0
   910000    815118  20,  0    198727     10000         0 999999   0
   920000    825118  20,  0    198860     10000         0 999999   0
   930000    835118  20,  0    198993     10000         0 999999   0
   940000    845118  20,  0    198974     10000         0 999999   0
   950000    855118  20,  0    198879     10000         0 999999   0
   960000    865118  20,  0    198404     10000         0 999999   0
   970000    875118  20,  0    199088     10000         0 999999   0
   980000    885118  20,  0    199164     10000         0 999999   0
   990000    895118  20,  0    198974     10000         0 999999   0
  1000000    905118  20,  0    198708     10000         0 999999   0

  1008779         0   0,  0    174611      8779         1  *


Total Time = 1267 seconds; Search Time = 1264 seconds.
Best Configuration:
AB CD EF GH IJ KL MN OP QR
EJ NA QM OI RB PH LG DF CK
BM DH EO IC RN AG PJ KQ LF
BO EH DJ NQ LA KF RC GI PM
LO FC MH PN AJ DI QE GB RK
HA ER KO MF GP JC NI QB LD
KI PR DN OH GM EB AQ FJ CL
LM DG BF PI KH NE RO AC QJ
LQ IH GE ON BC AM KJ FR PD
OF BD RM JL NK EP IA CG HQ
KE PA JN LB HF OG IQ RD CM
AK JH CN OD FG PQ RL IB EM
RG EA HC DQ BP IL JO KM FN
MJ AR HL KG QO PC IF NB DE
BJ EL QC HR IM FP DK GN OA
CE QF OM DA LN BH KP GJ RI
KB PL QG FA OC HN MD IE RJ

Score = 0
Old Score = 0
Bad partnerings
  A B C D E F G H I J K L M N O P Q R 
A . 1 1 1 1 1 1 1 1 1 1 1 1 1 1 1 1 1
B 1 . 1 1 1 1 1 1 1 1 1 1 1 1 1 1 1 1
C 1 1 . 1 1 1 1 1 1 1 1 1 1 1 1 1 1 1
D 1 1 1 . 1 1 1 1 1 1 1 1 1 1 1 1 1 1
E 1 1 1 1 . 1 1 1 1 1 1 1 1 1 1 1 1 1
F 1 1 1 1 1 . 1 1 1 1 1 1 1 1 1 1 1 1
G 1 1 1 1 1 1 . 1 1 1 1 1 1 1 1 1 1 1
H 1 1 1 1 1 1 1 . 1 1 1 1 1 1 1 1 1 1
I 1 1 1 1 1 1 1 1 . 1 1 1 1 1 1 1 1 1
J 1 1 1 1 1 1 1 1 1 . 1 1 1 1 1 1 1 1
K 1 1 1 1 1 1 1 1 1 1 . 1 1 1 1 1 1 1
L 1 1 1 1 1 1 1 1 1 1 1 . 1 1 1 1 1 1
M 1 1 1 1 1 1 1 1 1 1 1 1 . 1 1 1 1 1
N 1 1 1 1 1 1 1 1 1 1 1 1 1 . 1 1 1 1
O 1 1 1 1 1 1 1 1 1 1 1 1 1 1 . 1 1 1
P 1 1 1 1 1 1 1 1 1 1 1 1 1 1 1 . 1 1
Q 1 1 1 1 1 1 1 1 1 1 1 1 1 1 1 1 . 1
R 1 1 1 1 1 1 1 1 1 1 1 1 1 1 1 1 1 .
