Mon Oct 14 11:06:34 CDT 2002	Running ./pairs -n 26 -g 25 -t 10000000
Population = 100	MaxIter = 100000000
TermCount = 10000000	MaxSwap = 10
Opt = 0
Iteration Best Cnt  Score       Mutates   Cross-Ovr Inserts
        0         1 1330,  0         1         1         1 1590   1
    10000        76 530,  0    150682     10000      2120 530   1
    20000       840 350,  0    175285     10000       848 350   1
    30000      1449 270,  0    183547     10000       502 270   1
    40000      2585 220,  0    185827     10000       370 220   1
    50000      7455 190,  0    188658     10000       254 190   1
    60000      6601 180,  0    193693     10000       110 180   1
    70000      3855 160,  0    193825     10000       109 160   1
    80000      5696 150,  0    193597     10000        94 150   1
    90000      1276 120,  0    191945     10000       180 120   1
   100000      9293 110,  0    191356     10000       158 110   1
   110000       864 100,  0    194207     10000        60 100   1
   120000     10864 100,  0    196354     10000        35 110   1
   130000     20864 100,  0    196809     10000        36 100   1
   140000      5824  90,  0    198138     10000        16  90   1
   150000      4829  80,  0    196145     10000        59  80   1
   160000     14829  80,  0    196885     10000        46  80   1
   170000      7140  70,  0    195498     10000        69  70   1
   180000       466  50,  0    195668     10000        88  50   1
   190000      6073  40,  0    192498     10000       136  40   1
   200000     16073  40,  0    193413     10000        29  40   1
   210000     26073  40,  0    191964     10000        37  40   1
   220000     36073  40,  0    197532     10000        16  40   1
   230000     46073  40,  0    199031     10000         8  40   1
   240000     56073  40,  0    198822     10000         9  40   1
   250000     66073  40,  0    198444     10000        20  40   1
   260000     76073  40,  0    198328     10000        24  40   1
   270000     86073  40,  0    198689     10000        16  40   1
   280000     96073  40,  0    199487     10000         0 999999   0
   290000      3192  30,  0    199563     10000         1  30   1
   300000     13192  30,  0    199639     10000         0 999999   0
   310000     23192  30,  0    199430     10000         0 999999   0
   320000     33192  30,  0    199544     10000         0 999999   0
   330000     43192  30,  0    199601     10000         3  30   1
   340000     53192  30,  0    199411     10000         2  30   1
   350000     63192  30,  0    199449     10000         5  30   1
   360000     73192  30,  0    199221     10000         5  30   1
   370000     83192  30,  0    199050     10000         6  30   1
   380000     93192  30,  0    199316     10000         6  30   1
   390000    103192  30,  0    198841     10000        11  30   1
   400000    113192  30,  0    199202     10000        10  30   1
   410000    123192  30,  0    198708     10000        19  30   1
   420000    133192  30,  0    198594     10000        27  30   1
   430000    143192  30,  0    199297     10000         5  30   1
   440000    153192  30,  0    199582     10000         0 999999   0
   450000    163192  30,  0    199449     10000         0 999999   0
   460000    173192  30,  0    199734     10000         0 999999   0
   470000      4913  20,  0    199373     10000         1  20   1
   480000     14913  20,  0    199449     10000         2  20   1
   490000     24913  20,  0    199468     10000         0 999999   0
   500000     34913  20,  0    199183     10000         2  20   1
   510000     44913  20,  0    199431     10000         0 999999   0
   520000     54913  20,  0    199392     10000         3  20   1
   530000     64913  20,  0    199354     10000         2  20   1
   540000     74913  20,  0    199050     10000         5  20   1
   550000     84913  20,  0    199297     10000         5  20   1
   560000     94913  20,  0    199183     10000         8  20   1
   570000    104913  20,  0    198879     10000        12  20   1
   580000    114913  20,  0    198575     10000        18  20   1
   590000    124913  20,  0    198803     10000        21  20   1
   600000    134913  20,  0    198879     10000        20  20   1
   610000    144913  20,  0    199525     10000         1  20   1
   620000    154913  20,  0    199620     10000         0 999999   0
   630000    164913  20,  0    199734     10000         0 999999   0
   640000    174913  20,  0    199487     10000         0 999999   0
   650000    184913  20,  0    199601     10000         0 999999   0
   660000    194913  20,  0    199772     10000         0 999999   0
   670000    204913  20,  0    199658     10000         0 999999   0
   680000    214913  20,  0    199601     10000         0 999999   0
   690000    224913  20,  0    199487     10000         0 999999   0
   700000    234913  20,  0    199563     10000         0 999999   0
   710000    244913  20,  0    199468     10000         0 999999   0
   720000    254913  20,  0    199639     10000         0 999999   0
   730000    264913  20,  0    199411     10000         0 999999   0
   740000    274913  20,  0    199620     10000         0 999999   0
   750000    284913  20,  0    199582     10000         0 999999   0
   760000    294913  20,  0    199411     10000         0 999999   0
   770000    304913  20,  0    199525     10000         0 999999   0
   780000    314913  20,  0    199487     10000         0 999999   0
   790000    324913  20,  0    199392     10000         0 999999   0
   800000    334913  20,  0    199583     10000         0 999999   0
   810000    344913  20,  0    199639     10000         0 999999   0
   820000    354913  20,  0    199487     10000         0 999999   0
   830000    364913  20,  0    199696     10000         0 999999   0
   840000    374913  20,  0    199544     10000         0 999999   0
   850000    384913  20,  0    199525     10000         0 999999   0
   860000    394913  20,  0    199563     10000         0 999999   0
   870000    404913  20,  0    199563     10000         0 999999   0
   880000    414913  20,  0    199563     10000         0 999999   0
   890000    424913  20,  0    199620     10000         0 999999   0
   900000    434913  20,  0    199658     10000         0 999999   0
   910000    444913  20,  0    199487     10000         0 999999   0
   920000    454913  20,  0    199791     10000         0 999999   0
   930000    464913  20,  0    199658     10000         0 999999   0
   940000    474913  20,  0    199678     10000         0 999999   0
   950000    484913  20,  0    199639     10000         0 999999   0
   960000    494913  20,  0    199715     10000         0 999999   0
   970000    504913  20,  0    199525     10000         0 999999   0
   980000    514913  20,  0    199525     10000         0 999999   0
   990000    524913  20,  0    199392     10000         0 999999   0
  1000000    534913  20,  0    199620     10000         0 999999   0
  1010000    544913  20,  0    199601     10000         0 999999   0
  1020000    554913  20,  0    199601     10000         0 999999   0
  1030000    564913  20,  0    199658     10000         0 999999   0
  1040000    574913  20,  0    199601     10000         0 999999   0
  1050000    584913  20,  0    199677     10000         0 999999   0
  1060000    594913  20,  0    199468     10000         0 999999   0
  1070000    604913  20,  0    199601     10000         0 999999   0
  1080000    614913  20,  0    199582     10000         0 999999   0
  1090000    624913  20,  0    199601     10000         0 999999   0
  1100000    634913  20,  0    199601     10000         0 999999   0
  1110000    644913  20,  0    199677     10000         0 999999   0
  1120000    654913  20,  0    199582     10000         0 999999   0
  1130000    664913  20,  0    199620     10000         0 999999   0
  1140000    674913  20,  0    199506     10000         0 999999   0
  1150000    684913  20,  0    199639     10000         0 999999   0
  1160000    694913  20,  0    199468     10000         0 999999   0
  1170000    704913  20,  0    199658     10000         0 999999   0
  1180000    714913  20,  0    199564     10000         0 999999   0
  1190000    724913  20,  0    199639     10000         0 999999   0
  1200000    734913  20,  0    199506     10000         0 999999   0
  1210000    744913  20,  0    199525     10000         0 999999   0
  1220000    754913  20,  0    199487     10000         0 999999   0
  1230000    764913  20,  0    199449     10000         0 999999   0
  1240000    774913  20,  0    199563     10000         0 999999   0
  1250000    784913  20,  0    199677     10000         0 999999   0
  1260000    794913  20,  0    199601     10000         0 999999   0
  1270000    804913  20,  0    199487     10000         0 999999   0
  1280000    814913  20,  0    199677     10000         0 999999   0
  1290000    824913  20,  0    199506     10000         0 999999   0
  1300000    834913  20,  0    199639     10000         0 999999   0
  1310000    844913  20,  0    199658     10000         0 999999   0
  1320000    854913  20,  0    199639     10000         0 999999   0
  1330000    864913  20,  0    199563     10000         0 999999   0
  1340000    874913  20,  0    199487     10000         0 999999   0
  1350000    884913  20,  0    199601     10000         0 999999   0
  1360000    894913  20,  0    199544     10000         0 999999   0
  1370000    904913  20,  0    199696     10000         0 999999   0
  1380000    914913  20,  0    199753     10000         0 999999   0
  1390000    924913  20,  0    199639     10000         0 999999   0
  1400000    934913  20,  0    199544     10000         0 999999   0
  1410000    944913  20,  0    199696     10000         0 999999   0
  1420000    954913  20,  0    199582     10000         0 999999   0
  1430000    964913  20,  0    199525     10000         0 999999   0
  1440000    974913  20,  0    199639     10000         0 999999   0
  1450000    984913  20,  0    199658     10000         0 999999   0
  1460000    994913  20,  0    199335     10000         0 999999   0
  1470000   1004913  20,  0    199658     10000         0 999999   0
  1480000   1014913  20,  0    199601     10000         0 999999   0
  1490000   1024913  20,  0    199677     10000         0 999999   0
  1500000   1034913  20,  0    199639     10000         0 999999   0
  1510000   1044913  20,  0    199582     10000         0 999999   0
  1520000   1054913  20,  0    199639     10000         0 999999   0
  1530000   1064913  20,  0    199639     10000         0 999999   0
  1540000   1074913  20,  0    199601     10000         0 999999   0
  1550000   1084913  20,  0    199468     10000         0 999999   0
  1560000   1094913  20,  0    199620     10000         0 999999   0
  1570000   1104913  20,  0    199601     10000         0 999999   0
  1580000   1114913  20,  0    199582     10000         0 999999   0
  1590000   1124913  20,  0    199487     10000         0 999999   0
  1600000   1134913  20,  0    199544     10000         0 999999   0
  1610000   1144913  20,  0    199658     10000         0 999999   0
  1620000   1154913  20,  0    199582     10000         0 999999   0
  1630000   1164913  20,  0    199658     10000         0 999999   0
  1640000   1174913  20,  0    199487     10000         0 999999   0
  1650000   1184913  20,  0    199696     10000         0 999999   0
  1660000   1194913  20,  0    199525     10000         0 999999   0
  1670000   1204913  20,  0    199430     10000         0 999999   0
  1680000   1214913  20,  0    199602     10000         0 999999   0
  1690000   1224913  20,  0    199430     10000         0 999999   0
  1700000   1234913  20,  0    199715     10000         0 999999   0
  1710000   1244913  20,  0    199620     10000         0 999999   0
  1720000   1254913  20,  0    199563     10000         0 999999   0
  1730000   1264913  20,  0    199677     10000         0 999999   0
  1740000   1274913  20,  0    199620     10000         0 999999   0
  1750000   1284913  20,  0    199506     10000         0 999999   0
  1760000   1294913  20,  0    199449     10000         0 999999   0
  1770000   1304913  20,  0    199658     10000         0 999999   0
  1780000   1314913  20,  0    199639     10000         0 999999   0
  1790000   1324913  20,  0    199525     10000         0 999999   0
  1800000   1334913  20,  0    199620     10000         0 999999   0
  1810000   1344913  20,  0    199582     10000         0 999999   0
  1820000   1354913  20,  0    199677     10000         0 999999   0
  1830000   1364913  20,  0    199544     10000         0 999999   0
  1840000   1374913  20,  0    199563     10000         0 999999   0
  1850000   1384913  20,  0    199658     10000         0 999999   0
  1860000   1394913  20,  0    199582     10000         0 999999   0
  1870000   1404913  20,  0    199715     10000         0 999999   0
  1880000   1414913  20,  0    199639     10000         0 999999   0
  1890000   1424913  20,  0    199582     10000         0 999999   0
  1900000   1434913  20,  0    199544     10000         0 999999   0
  1910000   1444913  20,  0    199601     10000         0 999999   0
  1920000   1454913  20,  0    199506     10000         0 999999   0
  1930000   1464913  20,  0    199563     10000         0 999999   0
  1940000   1474913  20,  0    199639     10000         0 999999   0
  1950000   1484913  20,  0    199620     10000         0 999999   0
  1960000   1494913  20,  0    199430     10000         0 999999   0
  1970000   1504913  20,  0    199715     10000         0 999999   0
  1980000   1514913  20,  0    199544     10000         0 999999   0
  1990000   1524913  20,  0    199582     10000         0 999999   0
  2000000   1534913  20,  0    199639     10000         0 999999   0
  2010000   1544913  20,  0    199563     10000         0 999999   0
  2020000   1554913  20,  0    199525     10000         0 999999   0
  2030000   1564913  20,  0    199468     10000         0 999999   0
  2040000   1574913  20,  0    199791     10000         0 999999   0
  2050000   1584913  20,  0    199677     10000         0 999999   0
  2060000   1594913  20,  0    199696     10000         0 999999   0
  2070000   1604913  20,  0    199563     10000         0 999999   0
  2080000   1614913  20,  0    199563     10000         0 999999   0
  2090000   1624913  20,  0    199582     10000         0 999999   0
  2100000   1634913  20,  0    199620     10000         0 999999   0
  2110000   1644913  20,  0    199430     10000         0 999999   0
  2120000   1654913  20,  0    199525     10000         0 999999   0
  2130000   1664913  20,  0    199620     10000         0 999999   0
  2140000   1674913  20,  0    199620     10000         0 999999   0
  2150000   1684913  20,  0    199430     10000         0 999999   0
  2160000   1694913  20,  0    199563     10000         0 999999   0
  2170000   1704913  20,  0    199639     10000         0 999999   0
  2180000   1714913  20,  0    199468     10000         0 999999   0
  2190000   1724913  20,  0    199487     10000         0 999999   0
  2200000   1734913  20,  0    199487     10000         0 999999   0
  2210000   1744913  20,  0    199506     10000         0 999999   0
  2220000   1754913  20,  0    199620     10000         0 999999   0
  2230000   1764913  20,  0    199525     10000         0 999999   0
  2240000   1774913  20,  0    199601     10000         0 999999   0
  2250000   1784913  20,  0    199620     10000         0 999999   0
  2260000   1794913  20,  0    199620     10000         0 999999   0
  2270000   1804913  20,  0    199696     10000         0 999999   0
  2280000   1814913  20,  0    199506     10000         0 999999   0
  2290000   1824913  20,  0    199582     10000         0 999999   0
  2300000   1834913  20,  0    199677     10000         0 999999   0
  2310000   1844913  20,  0    199620     10000         0 999999   0
  2320000   1854913  20,  0    199412     10000         0 999999   0
  2330000   1864913  20,  0    199658     10000         0 999999   0
  2340000   1874913  20,  0    199544     10000         0 999999   0
  2350000   1884913  20,  0    199582     10000         0 999999   0
  2360000   1894913  20,  0    199658     10000         0 999999   0
  2370000   1904913  20,  0    199696     10000         0 999999   0
  2380000   1914913  20,  0    199734     10000         0 999999   0
  2390000   1924913  20,  0    199468     10000         0 999999   0
  2400000   1934913  20,  0    199696     10000         0 999999   0
  2410000   1944913  20,  0    199601     10000         0 999999   0
  2420000   1954913  20,  0    199696     10000         0 999999   0
  2430000   1964913  20,  0    199620     10000         0 999999   0
  2440000   1974913  20,  0    199677     10000         0 999999   0
  2450000   1984913  20,  0    199582     10000         0 999999   0
  2460000   1994913  20,  0    199734     10000         0 999999   0
  2470000   2004913  20,  0    199544     10000         0 999999   0
  2480000   2014913  20,  0    199468     10000         0 999999   0
  2490000   2024913  20,  0    199582     10000         0 999999   0
  2500000   2034913  20,  0    199658     10000         0 999999   0
  2510000   2044913  20,  0    199544     10000         0 999999   0
  2520000   2054913  20,  0    199735     10000         0 999999   0
  2530000   2064913  20,  0    199677     10000         0 999999   0
  2540000   2074913  20,  0    199658     10000         0 999999   0
  2550000   2084913  20,  0    199506     10000         0 999999   0
  2560000   2094913  20,  0    199734     10000         0 999999   0
  2570000   2104913  20,  0    199639     10000         0 999999   0
  2580000   2114913  20,  0    199544     10000         0 999999   0
  2590000   2124913  20,  0    199829     10000         0 999999   0
  2600000   2134913  20,  0    199469     10000         0 999999   0
  2610000   2144913  20,  0    199734     10000         0 999999   0
  2620000   2154913  20,  0    199525     10000         0 999999   0
  2630000   2164913  20,  0    199582     10000         0 999999   0
  2640000   2174913  20,  0    199621     10000         0 999999   0
  2650000   2184913  20,  0    199354     10000         0 999999   0
  2660000   2194913  20,  0    199563     10000         0 999999   0
  2670000   2204913  20,  0    199734     10000         0 999999   0
  2680000   2214913  20,  0    199354     10000         0 999999   0
  2690000   2224913  20,  0    199620     10000         0 999999   0
  2700000   2234913  20,  0    199582     10000         0 999999   0
  2710000   2244913  20,  0    199525     10000         0 999999   0
  2720000   2254913  20,  0    199563     10000         0 999999   0
  2730000   2264913  20,  0    199487     10000         0 999999   0
  2740000   2274913  20,  0    199278     10000         0 999999   0
  2750000   2284913  20,  0    199430     10000         0 999999   0
  2760000   2294913  20,  0    199715     10000         0 999999   0
  2770000   2304913  20,  0    199715     10000         0 999999   0
  2780000   2314913  20,  0    199430     10000         0 999999   0
  2790000   2324913  20,  0    199620     10000         0 999999   0
  2800000   2334913  20,  0    199525     10000         0 999999   0
  2810000   2344913  20,  0    199601     10000         0 999999   0
  2820000   2354913  20,  0    199506     10000         0 999999   0
  2830000   2364913  20,  0    199563     10000         0 999999   0
  2840000   2374913  20,  0    199525     10000         0 999999   0
  2850000   2384913  20,  0    199601     10000         0 999999   0
  2860000   2394913  20,  0    199582     10000         0 999999   0
  2870000   2404913  20,  0    199544     10000         0 999999   0
  2880000   2414913  20,  0    199677     10000         0 999999   0
  2890000   2424913  20,  0    199487     10000         0 999999   0
  2900000   2434913  20,  0    199734     10000         0 999999   0
  2910000   2444913  20,  0    199791     10000         0 999999   0
  2920000   2454913  20,  0    199658     10000         0 999999   0
  2930000   2464913  20,  0    199582     10000         0 999999   0
  2940000   2474913  20,  0    199658     10000         0 999999   0
  2950000   2484913  20,  0    199658     10000         0 999999   0
  2960000   2494913  20,  0    199487     10000         0 999999   0
  2970000   2504913  20,  0    199487     10000         0 999999   0
  2980000   2514913  20,  0    199563     10000         0 999999   0
  2990000   2524913  20,  0    199563     10000         0 999999   0
  3000000   2534913  20,  0    199582     10000         0 999999   0
  3010000   2544913  20,  0    199639     10000         0 999999   0
  3020000   2554913  20,  0    199696     10000         0 999999   0
  3030000   2564913  20,  0    199601     10000         0 999999   0
  3040000   2574913  20,  0    199525     10000         0 999999   0
  3050000   2584913  20,  0    199525     10000         0 999999   0
  3060000   2594913  20,  0    199620     10000         0 999999   0
  3070000   2604913  20,  0    199658     10000         0 999999   0
  3080000   2614913  20,  0    199658     10000         0 999999   0
  3090000   2624913  20,  0    199430     10000         0 999999   0
  3100000   2634913  20,  0    199525     10000         0 999999   0
  3110000   2644913  20,  0    199677     10000         0 999999   0
  3120000   2654913  20,  0    199620     10000         0 999999   0
  3130000   2664913  20,  0    199678     10000         0 999999   0
  3140000   2674913  20,  0    199677     10000         0 999999   0
  3150000   2684913  20,  0    199563     10000         0 999999   0
  3160000   2694913  20,  0    199677     10000         0 999999   0
  3170000   2704913  20,  0    199696     10000         0 999999   0
  3180000   2714913  20,  0    199430     10000         0 999999   0
  3190000   2724913  20,  0    199601     10000         0 999999   0
  3200000   2734913  20,  0    199563     10000         0 999999   0
  3210000   2744913  20,  0    199620     10000         0 999999   0
  3220000   2754913  20,  0    199734     10000         0 999999   0
  3230000   2764913  20,  0    199696     10000         0 999999   0
  3240000   2774913  20,  0    199620     10000         0 999999   0
  3250000   2784913  20,  0    199525     10000         0 999999   0
  3260000   2794913  20,  0    199564     10000         0 999999   0
  3270000   2804913  20,  0    199715     10000         0 999999   0
  3280000   2814913  20,  0    199639     10000         0 999999   0
  3290000   2824913  20,  0    199487     10000         0 999999   0
  3300000   2834913  20,  0    199658     10000         0 999999   0
  3310000   2844913  20,  0    199620     10000         0 999999   0
  3320000   2854913  20,  0    199658     10000         0 999999   0
  3330000   2864913  20,  0    199696     10000         0 999999   0
  3340000   2874913  20,  0    199544     10000         0 999999   0
  3350000   2884913  20,  0    199658     10000         0 999999   0
  3360000   2894913  20,  0    199696     10000         0 999999   0
  3370000   2904913  20,  0    199582     10000         0 999999   0
  3380000   2914913  20,  0    199544     10000         0 999999   0
  3390000   2924913  20,  0    199582     10000         0 999999   0
  3400000   2934913  20,  0    199487     10000         0 999999   0
  3410000   2944913  20,  0    199696     10000         0 999999   0
  3420000   2954913  20,  0    199658     10000         0 999999   0
  3430000   2964913  20,  0    199677     10000         0 999999   0
  3440000   2974913  20,  0    199658     10000         0 999999   0
  3450000   2984913  20,  0    199658     10000         0 999999   0
  3460000   2994913  20,  0    199639     10000         0 999999   0
  3470000   3004913  20,  0    199544     10000         0 999999   0
  3480000   3014913  20,  0    199620     10000         0 999999   0
  3490000   3024913  20,  0    199544     10000         0 999999   0
  3500000   3034913  20,  0    199544     10000         0 999999   0
  3510000   3044913  20,  0    199525     10000         0 999999   0
  3520000   3054913  20,  0    199658     10000         0 999999   0
  3530000   3064913  20,  0    199601     10000         0 999999   0
  3540000   3074913  20,  0    199734     10000         0 999999   0
  3550000   3084913  20,  0    199525     10000         0 999999   0
  3560000   3094913  20,  0    199468     10000         0 999999   0
  3570000   3104913  20,  0    199753     10000         0 999999   0
  3580000   3114913  20,  0    199658     10000         0 999999   0
  3590000   3124913  20,  0    199601     10000         0 999999   0
  3600000   3134913  20,  0    199544     10000         0 999999   0
  3610000   3144913  20,  0    199582     10000         0 999999   0
  3620000   3154913  20,  0    199697     10000         0 999999   0
  3630000   3164913  20,  0    199582     10000         0 999999   0
  3640000   3174913  20,  0    199620     10000         0 999999   0
  3650000   3184913  20,  0    199659     10000         0 999999   0
  3660000   3194913  20,  0    199620     10000         0 999999   0
  3670000   3204913  20,  0    199449     10000         0 999999   0
  3680000   3214913  20,  0    199563     10000         0 999999   0
  3690000   3224913  20,  0    199601     10000         0 999999   0
  3700000   3234913  20,  0    199677     10000         0 999999   0
  3710000   3244913  20,  0    199677     10000         0 999999   0
  3720000   3254913  20,  0    199468     10000         0 999999   0
  3730000   3264913  20,  0    199430     10000         0 999999   0
  3740000   3274913  20,  0    199525     10000         0 999999   0
  3750000   3284913  20,  0    199544     10000         0 999999   0
  3760000   3294913  20,  0    199621     10000         0 999999   0
  3770000   3304913  20,  0    199563     10000         0 999999   0
  3780000   3314913  20,  0    199373     10000         0 999999   0
  3790000   3324913  20,  0    199734     10000         0 999999   0
  3800000   3334913  20,  0    199563     10000         0 999999   0
  3810000   3344913  20,  0    199563     10000         0 999999   0
  3820000   3354913  20,  0    199525     10000         0 999999   0
  3830000   3364913  20,  0    199544     10000         0 999999   0
  3840000   3374913  20,  0    199639     10000         0 999999   0
  3850000   3384913  20,  0    199677     10000         0 999999   0
  3860000   3394913  20,  0    199772     10000         0 999999   0
  3870000   3404913  20,  0    199582     10000         0 999999   0
  3880000   3414913  20,  0    199620     10000         0 999999   0
  3890000   3424913  20,  0    199677     10000         0 999999   0
  3900000   3434913  20,  0    199658     10000         0 999999   0
  3910000   3444913  20,  0    199601     10000         0 999999   0
  3920000   3454913  20,  0    199658     10000         0 999999   0
  3930000   3464913  20,  0    199411     10000         0 999999   0
  3940000   3474913  20,  0    199620     10000         0 999999   0
  3950000   3484913  20,  0    199582     10000         0 999999   0
  3960000   3494913  20,  0    199525     10000         0 999999   0
  3970000   3504913  20,  0    199487     10000         0 999999   0
  3980000   3514913  20,  0    199563     10000         0 999999   0
  3990000   3524913  20,  0    199582     10000         0 999999   0
  4000000   3534913  20,  0    199411     10000         0 999999   0
  4010000   3544913  20,  0    199563     10000         0 999999   0
  4020000   3554913  20,  0    199601     10000         0 999999   0
  4030000   3564913  20,  0    199620     10000         0 999999   0
  4040000   3574913  20,  0    199544     10000         0 999999   0
  4050000   3584913  20,  0    199487     10000         0 999999   0
  4060000   3594913  20,  0    199677     10000         0 999999   0
  4070000   3604913  20,  0    199601     10000         0 999999   0
  4080000   3614913  20,  0    199696     10000         0 999999   0
  4090000   3624913  20,  0    199601     10000         0 999999   0
  4100000   3634913  20,  0    199620     10000         0 999999   0
  4110000   3644913  20,  0    199677     10000         0 999999   0
  4120000   3654913  20,  0    199411     10000         0 999999   0
  4130000   3664913  20,  0    199734     10000         0 999999   0
  4140000   3674913  20,  0    199639     10000         0 999999   0
  4150000   3684913  20,  0    199354     10000         0 999999   0
  4160000   3694913  20,  0    199487     10000         0 999999   0
  4170000   3704913  20,  0    199734     10000         0 999999   0
  4180000   3714913  20,  0    199563     10000         0 999999   0
  4190000   3724913  20,  0    199506     10000         0 999999   0
  4200000   3734913  20,  0    199696     10000         0 999999   0
  4210000   3744913  20,  0    199601     10000         0 999999   0
  4220000   3754913  20,  0    199620     10000         0 999999   0
  4230000   3764913  20,  0    199602     10000         0 999999   0
  4240000   3774913  20,  0    199639     10000         0 999999   0
  4250000   3784913  20,  0    199658     10000         0 999999   0
  4260000   3794913  20,  0    199639     10000         0 999999   0
  4270000   3804913  20,  0    199677     10000         0 999999   0
  4280000   3814913  20,  0    199620     10000         0 999999   0
  4290000   3824913  20,  0    199430     10000         0 999999   0
  4300000   3834913  20,  0    199601     10000         0 999999   0
  4310000   3844913  20,  0    199658     10000         0 999999   0
  4320000   3854913  20,  0    199639     10000         0 999999   0
  4330000   3864913  20,  0    199715     10000         0 999999   0
  4340000   3874913  20,  0    199601     10000         0 999999   0
  4350000   3884913  20,  0    199506     10000         0 999999   0
  4360000   3894913  20,  0    199563     10000         0 999999   0
  4370000   3904913  20,  0    199696     10000         0 999999   0
  4380000   3914913  20,  0    199677     10000         0 999999   0
  4390000   3924913  20,  0    199582     10000         0 999999   0
  4400000   3934913  20,  0    199639     10000         0 999999   0
  4410000   3944913  20,  0    199392     10000         0 999999   0
  4420000   3954913  20,  0    199658     10000         0 999999   0
  4430000   3964913  20,  0    199411     10000         0 999999   0
  4440000   3974913  20,  0    199582     10000         0 999999   0
  4450000   3984913  20,  0    199506     10000         0 999999   0
  4460000   3994913  20,  0    199620     10000         0 999999   0
  4470000   4004913  20,  0    199677     10000         0 999999   0
  4480000   4014913  20,  0    199753     10000         0 999999   0
  4490000   4024913  20,  0    199601     10000         0 999999   0
  4500000   4034913  20,  0    199620     10000         0 999999   0
  4510000   4044913  20,  0    199639     10000         0 999999   0
  4520000   4054913  20,  0    199658     10000         0 999999   0
  4530000   4064913  20,  0    199641     10000         0 999999   0
  4540000   4074913  20,  0    199582     10000         0 999999   0
  4550000   4084913  20,  0    199601     10000         0 999999   0
  4560000   4094913  20,  0    199734     10000         0 999999   0
  4570000   4104913  20,  0    199677     10000         0 999999   0
  4580000   4114913  20,  0    199639     10000         0 999999   0
  4590000   4124913  20,  0    199715     10000         0 999999   0
  4600000   4134913  20,  0    199601     10000         0 999999   0
  4610000   4144913  20,  0    199487     10000         0 999999   0
  4620000   4154913  20,  0    199677     10000         0 999999   0
  4630000   4164913  20,  0    199677     10000         0 999999   0
  4640000   4174913  20,  0    199601     10000         0 999999   0
  4650000   4184913  20,  0    199582     10000         0 999999   0
  4660000   4194913  20,  0    199715     10000         0 999999   0
  4670000   4204913  20,  0    199582     10000         0 999999   0
  4680000   4214913  20,  0    199563     10000         0 999999   0
  4690000   4224913  20,  0    199658     10000         0 999999   0
  4700000   4234913  20,  0    199487     10000         0 999999   0
  4710000   4244913  20,  0    199506     10000         0 999999   0
  4720000   4254913  20,  0    199525     10000         0 999999   0
  4730000   4264913  20,  0    199468     10000         0 999999   0
  4740000   4274913  20,  0    199601     10000         0 999999   0
  4750000   4284913  20,  0    199734     10000         0 999999   0
  4760000   4294913  20,  0    199696     10000         0 999999   0
  4770000   4304913  20,  0    199639     10000         0 999999   0
  4780000   4314913  20,  0    199620     10000         0 999999   0
  4790000   4324913  20,  0    199525     10000         0 999999   0
  4800000   4334913  20,  0    199715     10000         0 999999   0
  4810000   4344913  20,  0    199582     10000         0 999999   0
  4820000   4354913  20,  0    199525     10000         0 999999   0
  4830000   4364913  20,  0    199715     10000         0 999999   0
  4840000   4374913  20,  0    199658     10000         0 999999   0
  4850000   4384913  20,  0    199620     10000         0 999999   0
  4860000   4394913  20,  0    199620     10000         0 999999   0
  4870000   4404913  20,  0    199677     10000         0 999999   0
  4880000   4414913  20,  0    199335     10000         0 999999   0
  4890000   4424913  20,  0    199487     10000         0 999999   0
  4900000   4434913  20,  0    199563     10000         0 999999   0
  4910000   4444913  20,  0    199525     10000         0 999999   0
  4920000   4454913  20,  0    199677     10000         0 999999   0
  4930000   4464913  20,  0    199696     10000         0 999999   0
  4940000   4474913  20,  0    199658     10000         0 999999   0
  4950000   4484913  20,  0    199696     10000         0 999999   0
  4960000   4494913  20,  0    199772     10000         0 999999   0
  4970000   4504913  20,  0    199563     10000         0 999999   0
  4980000   4514913  20,  0    199582     10000         0 999999   0
  4990000   4524913  20,  0    199715     10000         0 999999   0
  5000000   4534913  20,  0    199563     10000         0 999999   0
  5010000   4544913  20,  0    199544     10000         0 999999   0
  5020000   4554913  20,  0    199639     10000         0 999999   0
  5030000   4564913  20,  0    199639     10000         0 999999   0
  5040000   4574913  20,  0    199772     10000         0 999999   0
  5050000   4584913  20,  0    199601     10000         0 999999   0
  5060000   4594913  20,  0    199620     10000         0 999999   0
  5070000   4604913  20,  0    199563     10000         0 999999   0
  5080000   4614913  20,  0    199582     10000         0 999999   0
  5090000   4624913  20,  0    199658     10000         0 999999   0
  5100000   4634913  20,  0    199468     10000         0 999999   0
  5110000   4644913  20,  0    199639     10000         0 999999   0
  5120000   4654913  20,  0    199563     10000         0 999999   0
  5130000   4664913  20,  0    199487     10000         0 999999   0
  5140000   4674913  20,  0    199563     10000         0 999999   0
  5150000   4684913  20,  0    199677     10000         0 999999   0
  5160000   4694913  20,  0    199544     10000         0 999999   0
  5170000   4704913  20,  0    199582     10000         0 999999   0
  5180000   4714913  20,  0    199677     10000         0 999999   0
  5190000   4724913  20,  0    199544     10000         0 999999   0
  5200000   4734913  20,  0    199525     10000         0 999999   0
  5210000   4744913  20,  0    199601     10000         0 999999   0
  5220000   4754913  20,  0    199430     10000         0 999999   0
  5230000   4764913  20,  0    199677     10000         0 999999   0
  5240000   4774913  20,  0    199620     10000         0 999999   0
  5250000   4784913  20,  0    199753     10000         0 999999   0
  5260000   4794913  20,  0    199677     10000         0 999999   0
  5270000   4804913  20,  0    199487     10000         0 999999   0
  5280000   4814913  20,  0    199639     10000         0 999999   0
  5290000   4824913  20,  0    199468     10000         0 999999   0
  5300000   4834913  20,  0    199259     10000         0 999999   0
  5310000   4844913  20,  0    199677     10000         0 999999   0
  5320000   4854913  20,  0    199753     10000         0 999999   0
  5330000   4864913  20,  0    199677     10000         0 999999   0
  5340000   4874913  20,  0    199810     10000         0 999999   0
  5350000   4884913  20,  0    199715     10000         0 999999   0
  5360000   4894913  20,  0    199696     10000         0 999999   0
  5370000   4904913  20,  0    199620     10000         0 999999   0
  5380000   4914913  20,  0    199696     10000         0 999999   0
  5390000   4924913  20,  0    199506     10000         0 999999   0
  5400000   4934913  20,  0    199563     10000         0 999999   0
  5410000   4944913  20,  0    199582     10000         0 999999   0
  5420000   4954913  20,  0    199658     10000         0 999999   0
  5430000   4964913  20,  0    199601     10000         0 999999   0
  5440000   4974913  20,  0    199582     10000         0 999999   0
  5450000   4984913  20,  0    199677     10000         0 999999   0
  5460000   4994913  20,  0    199449     10000         0 999999   0
  5470000   5004913  20,  0    199620     10000         0 999999   0
  5480000   5014913  20,  0    199506     10000         0 999999   0
  5490000   5024913  20,  0    199449     10000         0 999999   0
  5500000   5034913  20,  0    199620     10000         0 999999   0
  5510000   5044913  20,  0    199753     10000         0 999999   0
  5520000   5054913  20,  0    199544     10000         0 999999   0
  5530000   5064913  20,  0    199696     10000         0 999999   0
  5540000   5074913  20,  0    199677     10000         0 999999   0
  5550000   5084913  20,  0    199582     10000         0 999999   0
  5560000   5094913  20,  0    199601     10000         0 999999   0
  5570000   5104913  20,  0    199734     10000         0 999999   0
  5580000   5114913  20,  0    199506     10000         0 999999   0
  5590000   5124913  20,  0    199715     10000         0 999999   0
  5600000   5134913  20,  0    199563     10000         0 999999   0
  5610000   5144913  20,  0    199525     10000         0 999999   0
  5620000   5154913  20,  0    199582     10000         0 999999   0
  5630000   5164913  20,  0    199677     10000         0 999999   0
  5640000   5174913  20,  0    199449     10000         0 999999   0
  5650000   5184913  20,  0    199639     10000         0 999999   0
  5660000   5194913  20,  0    199639     10000         0 999999   0
  5670000   5204913  20,  0    199506     10000         0 999999   0
  5680000   5214913  20,  0    199601     10000         0 999999   0
  5690000   5224913  20,  0    199430     10000         0 999999   0
  5700000   5234913  20,  0    199544     10000         0 999999   0
  5710000   5244913  20,  0    199658     10000         0 999999   0
  5720000   5254913  20,  0    199582     10000         0 999999   0
  5730000   5264913  20,  0    199639     10000         0 999999   0
  5740000   5274913  20,  0    199544     10000         0 999999   0
  5750000   5284913  20,  0    199696     10000         0 999999   0
  5760000   5294913  20,  0    199658     10000         0 999999   0
  5770000   5304913  20,  0    199544     10000         0 999999   0
  5780000   5314913  20,  0    199563     10000         0 999999   0
  5790000   5324913  20,  0    199696     10000         0 999999   0
  5800000   5334913  20,  0    199601     10000         0 999999   0
  5810000   5344913  20,  0    199715     10000         0 999999   0
  5820000   5354913  20,  0    199677     10000         0 999999   0
  5830000   5364913  20,  0    199449     10000         0 999999   0
  5840000   5374913  20,  0    199639     10000         0 999999   0
  5850000   5384913  20,  0    199696     10000         0 999999   0
  5860000   5394913  20,  0    199525     10000         0 999999   0
  5870000   5404913  20,  0    199715     10000         0 999999   0
  5880000   5414913  20,  0    199696     10000         0 999999   0
  5890000   5424913  20,  0    199582     10000         0 999999   0
  5900000   5434913  20,  0    199658     10000         0 999999   0
  5910000   5444913  20,  0    199677     10000         0 999999   0
  5920000   5454913  20,  0    199563     10000         0 999999   0
  5930000   5464913  20,  0    199640     10000         0 999999   0
  5940000   5474913  20,  0    199696     10000         0 999999   0
  5950000   5484913  20,  0    199488     10000         0 999999   0
  5960000   5494913  20,  0    199620     10000         0 999999   0
  5970000   5504913  20,  0    199507     10000         0 999999   0
  5980000   5514913  20,  0    199582     10000         0 999999   0
  5990000   5524913  20,  0    199582     10000         0 999999   0
  6000000   5534913  20,  0    199449     10000         0 999999   0
  6010000   5544913  20,  0    199677     10000         0 999999   0
  6020000   5554913  20,  0    199639     10000         0 999999   0
  6030000   5564913  20,  0    199582     10000         0 999999   0
  6040000   5574913  20,  0    199506     10000         0 999999   0
  6050000   5584913  20,  0    199506     10000         0 999999   0
  6060000   5594913  20,  0    199715     10000         0 999999   0
  6070000   5604913  20,  0    199677     10000         0 999999   0
  6080000   5614913  20,  0    199601     10000         0 999999   0
  6090000   5624913  20,  0    199525     10000         0 999999   0
  6100000   5634913  20,  0    199563     10000         0 999999   0
  6110000   5644913  20,  0    199601     10000         0 999999   0
  6120000   5654913  20,  0    199696     10000         0 999999   0
  6130000   5664913  20,  0    199696     10000         0 999999   0
  6140000   5674913  20,  0    199620     10000         0 999999   0
  6150000   5684913  20,  0    199544     10000         0 999999   0
  6160000   5694913  20,  0    199487     10000         0 999999   0
  6170000   5704913  20,  0    199696     10000         0 999999   0
  6180000   5714913  20,  0    199639     10000         0 999999   0
  6190000   5724913  20,  0    199601     10000         0 999999   0
  6200000   5734913  20,  0    199601     10000         0 999999   0
  6210000   5744913  20,  0    199696     10000         0 999999   0
  6220000   5754913  20,  0    199582     10000         0 999999   0
  6230000   5764913  20,  0    199544     10000         0 999999   0
  6240000   5774913  20,  0    199639     10000         0 999999   0
  6250000   5784913  20,  0    199639     10000         0 999999   0
  6260000   5794913  20,  0    199525     10000         0 999999   0
  6270000   5804913  20,  0    199544     10000         0 999999   0
  6280000   5814913  20,  0    199715     10000         0 999999   0
  6290000   5824913  20,  0    199620     10000         0 999999   0
  6300000   5834913  20,  0    199506     10000         0 999999   0
  6310000   5844913  20,  0    199563     10000         0 999999   0
  6320000   5854913  20,  0    199696     10000         0 999999   0
  6330000   5864913  20,  0    199620     10000         0 999999   0
  6340000   5874913  20,  0    199677     10000         0 999999   0
  6350000   5884913  20,  0    199620     10000         0 999999   0
  6360000   5894913  20,  0    199696     10000         0 999999   0
  6370000   5904913  20,  0    199677     10000         0 999999   0
  6380000   5914913  20,  0    199468     10000         0 999999   0
  6390000   5924913  20,  0    199601     10000         0 999999   0
  6400000   5934913  20,  0    199449     10000         0 999999   0
  6410000   5944913  20,  0    199430     10000         0 999999   0
  6420000   5954913  20,  0    199601     10000         0 999999   0
  6430000   5964913  20,  0    199734     10000         0 999999   0
  6440000   5974913  20,  0    199601     10000         0 999999   0
  6450000   5984913  20,  0    199639     10000         0 999999   0
  6460000   5994913  20,  0    199639     10000         0 999999   0
  6470000   6004913  20,  0    199620     10000         0 999999   0
  6480000   6014913  20,  0    199487     10000         0 999999   0
  6490000   6024913  20,  0    199734     10000         0 999999   0
  6500000   6034913  20,  0    199544     10000         0 999999   0
  6510000   6044913  20,  0    199601     10000         0 999999   0
  6520000   6054913  20,  0    199620     10000         0 999999   0
  6530000   6064913  20,  0    199677     10000         0 999999   0
  6540000   6074913  20,  0    199563     10000         0 999999   0
  6550000   6084913  20,  0    199639     10000         0 999999   0
  6560000   6094913  20,  0    199677     10000         0 999999   0
  6570000   6104913  20,  0    199582     10000         0 999999   0
  6580000   6114913  20,  0    199620     10000         0 999999   0
  6590000   6124913  20,  0    199620     10000         0 999999   0
  6600000   6134913  20,  0    199734     10000         0 999999   0
  6610000   6144913  20,  0    199639     10000         0 999999   0
  6620000   6154913  20,  0    199582     10000         0 999999   0
  6630000   6164913  20,  0    199639     10000         0 999999   0
  6640000   6174913  20,  0    199620     10000         0 999999   0
  6650000   6184913  20,  0    199677     10000         0 999999   0
  6660000   6194913  20,  0    199563     10000         0 999999   0
  6670000   6204913  20,  0    199582     10000         0 999999   0
  6680000   6214913  20,  0    199544     10000         0 999999   0
  6690000   6224913  20,  0    199639     10000         0 999999   0
  6700000   6234913  20,  0    199620     10000         0 999999   0
  6710000   6244913  20,  0    199582     10000         0 999999   0
  6720000   6254913  20,  0    199620     10000         0 999999   0
  6730000   6264913  20,  0    199468     10000         0 999999   0
  6740000   6274913  20,  0    199582     10000         0 999999   0
  6750000   6284913  20,  0    199658     10000         0 999999   0
  6760000   6294913  20,  0    199430     10000         0 999999   0
  6770000   6304913  20,  0    199658     10000         0 999999   0
  6780000   6314913  20,  0    199620     10000         0 999999   0
  6790000   6324913  20,  0    199506     10000         0 999999   0
  6800000   6334913  20,  0    199620     10000         0 999999   0
  6810000   6344913  20,  0    199525     10000         0 999999   0
  6820000   6354913  20,  0    199734     10000         0 999999   0
  6830000   6364913  20,  0    199601     10000         0 999999   0
  6840000   6374913  20,  0    199563     10000         0 999999   0
  6850000   6384913  20,  0    199582     10000         0 999999   0
  6860000   6394913  20,  0    199791     10000         0 999999   0
  6870000   6404913  20,  0    199696     10000         0 999999   0
  6880000   6414913  20,  0    199620     10000         0 999999   0
  6890000   6424913  20,  0    199601     10000         0 999999   0
  6900000   6434913  20,  0    199639     10000         0 999999   0
  6910000   6444913  20,  0    199601     10000         0 999999   0
  6920000   6454913  20,  0    199639     10000         0 999999   0
  6930000   6464913  20,  0    199696     10000         0 999999   0
  6940000   6474913  20,  0    199601     10000         0 999999   0
  6950000   6484913  20,  0    199696     10000         0 999999   0
  6960000   6494913  20,  0    199506     10000         0 999999   0
  6970000   6504913  20,  0    199544     10000         0 999999   0
  6980000   6514913  20,  0    199753     10000         0 999999   0
  6990000   6524913  20,  0    199563     10000         0 999999   0
  7000000   6534913  20,  0    199544     10000         0 999999   0
  7010000   6544913  20,  0    199487     10000         0 999999   0
  7020000   6554913  20,  0    199716     10000         0 999999   0
  7030000   6564913  20,  0    199449     10000         0 999999   0
  7040000   6574913  20,  0    199715     10000         0 999999   0
  7050000   6584913  20,  0    199734     10000         0 999999   0
  7060000   6594913  20,  0    199601     10000         0 999999   0
  7070000   6604913  20,  0    199696     10000         0 999999   0
  7080000   6614913  20,  0    199658     10000         0 999999   0
  7090000   6624913  20,  0    199734     10000         0 999999   0
  7100000   6634913  20,  0    199525     10000         0 999999   0
  7110000   6644913  20,  0    199468     10000         0 999999   0
  7120000   6654913  20,  0    199506     10000         0 999999   0
  7130000   6664913  20,  0    199563     10000         0 999999   0
  7140000   6674913  20,  0    199582     10000         0 999999   0
  7150000   6684913  20,  0    199563     10000         0 999999   0
  7160000   6694913  20,  0    199582     10000         0 999999   0
  7170000   6704913  20,  0    199582     10000         0 999999   0
  7180000   6714913  20,  0    199525     10000         0 999999   0
  7190000   6724913  20,  0    199620     10000         0 999999   0
  7200000   6734913  20,  0    199677     10000         0 999999   0
  7210000   6744913  20,  0    199544     10000         0 999999   0
  7220000   6754913  20,  0    199620     10000         0 999999   0
  7230000   6764913  20,  0    199601     10000         0 999999   0
  7240000   6774913  20,  0    199582     10000         0 999999   0
  7250000   6784913  20,  0    199487     10000         0 999999   0
  7260000   6794913  20,  0    199506     10000         0 999999   0
  7270000   6804913  20,  0    199563     10000         0 999999   0
  7280000   6814913  20,  0    199563     10000         0 999999   0
  7290000   6824913  20,  0    199487     10000         0 999999   0
  7300000   6834913  20,  0    199658     10000         0 999999   0
  7310000   6844913  20,  0    199715     10000         0 999999   0
  7320000   6854913  20,  0    199715     10000         0 999999   0
  7330000   6864913  20,  0    199601     10000         0 999999   0
  7340000   6874913  20,  0    199487     10000         0 999999   0
  7350000   6884913  20,  0    199563     10000         0 999999   0
  7360000   6894913  20,  0    199506     10000         0 999999   0
  7370000   6904913  20,  0    199620     10000         0 999999   0
  7380000   6914913  20,  0    199620     10000         0 999999   0
  7390000   6924913  20,  0    199658     10000         0 999999   0
  7400000   6934913  20,  0    199544     10000         0 999999   0
  7410000   6944913  20,  0    199563     10000         0 999999   0
  7420000   6954913  20,  0    199620     10000         0 999999   0
  7430000   6964913  20,  0    199658     10000         0 999999   0
  7440000   6974913  20,  0    199563     10000         0 999999   0
  7450000   6984913  20,  0    199544     10000         0 999999   0
  7460000   6994913  20,  0    199639     10000         0 999999   0
  7470000   7004913  20,  0    199658     10000         0 999999   0
  7480000   7014913  20,  0    199506     10000         0 999999   0
  7490000   7024913  20,  0    199677     10000         0 999999   0
  7500000   7034913  20,  0    199601     10000         0 999999   0
  7510000   7044913  20,  0    199772     10000         0 999999   0
  7520000   7054913  20,  0    199697     10000         0 999999   0
  7530000   7064913  20,  0    199677     10000         0 999999   0
  7540000   7074913  20,  0    199639     10000         0 999999   0
  7550000   7084913  20,  0    199563     10000         0 999999   0
  7560000   7094913  20,  0    199639     10000         0 999999   0
  7570000   7104913  20,  0    199564     10000         0 999999   0
  7580000   7114913  20,  0    199544     10000         0 999999   0
  7590000   7124913  20,  0    199468     10000         0 999999   0
  7600000   7134913  20,  0    199620     10000         0 999999   0
  7610000   7144913  20,  0    199659     10000         0 999999   0
  7620000   7154913  20,  0    199487     10000         0 999999   0
  7630000   7164913  20,  0    199582     10000         0 999999   0
  7640000   7174913  20,  0    199601     10000         0 999999   0
  7650000   7184913  20,  0    199563     10000         0 999999   0
  7660000   7194913  20,  0    199563     10000         0 999999   0
  7670000   7204913  20,  0    199469     10000         0 999999   0
  7680000   7214913  20,  0    199506     10000         0 999999   0
  7690000   7224913  20,  0    199468     10000         0 999999   0
  7700000   7234913  20,  0    199544     10000         0 999999   0
  7710000   7244913  20,  0    199601     10000         0 999999   0
  7720000   7254913  20,  0    199639     10000         0 999999   0
  7730000   7264913  20,  0    199563     10000         0 999999   0
  7740000   7274913  20,  0    199601     10000         0 999999   0
  7750000   7284913  20,  0    199544     10000         0 999999   0
  7760000   7294913  20,  0    199715     10000         0 999999   0
  7770000   7304913  20,  0    199734     10000         0 999999   0
  7780000   7314913  20,  0    199715     10000         0 999999   0
  7790000   7324913  20,  0    199525     10000         0 999999   0
  7800000   7334913  20,  0    199677     10000         0 999999   0
  7810000   7344913  20,  0    199487     10000         0 999999   0
  7820000   7354913  20,  0    199392     10000         0 999999   0
  7830000   7364913  20,  0    199506     10000         0 999999   0
  7840000   7374913  20,  0    199544     10000         0 999999   0
  7850000   7384913  20,  0    199677     10000         0 999999   0
  7860000   7394913  20,  0    199639     10000         0 999999   0
  7870000   7404913  20,  0    199525     10000         0 999999   0
  7880000   7414913  20,  0    199430     10000         0 999999   0
  7890000   7424913  20,  0    199544     10000         0 999999   0
  7900000   7434913  20,  0    199430     10000         0 999999   0
  7910000   7444913  20,  0    199620     10000         0 999999   0
  7920000   7454913  20,  0    199677     10000         0 999999   0
  7930000   7464913  20,  0    199658     10000         0 999999   0
  7940000   7474913  20,  0    199639     10000         0 999999   0
  7950000   7484913  20,  0    199582     10000         0 999999   0
  7960000   7494913  20,  0    199582     10000         0 999999   0
  7970000   7504913  20,  0    199658     10000         0 999999   0
  7980000   7514913  20,  0    199582     10000         0 999999   0
  7990000   7524913  20,  0    199658     10000         0 999999   0
  8000000   7534913  20,  0    199563     10000         0 999999   0
  8010000   7544913  20,  0    199810     10000         0 999999   0
  8020000   7554913  20,  0    199658     10000         0 999999   0
  8030000   7564913  20,  0    199544     10000         0 999999   0
  8040000   7574913  20,  0    199601     10000         0 999999   0
  8050000   7584913  20,  0    199526     10000         0 999999   0
  8060000   7594913  20,  0    199564     10000         0 999999   0
  8070000   7604913  20,  0    199715     10000         0 999999   0
  8080000   7614913  20,  0    199696     10000         0 999999   0
  8090000   7624913  20,  0    199658     10000         0 999999   0
  8100000   7634913  20,  0    199582     10000         0 999999   0
  8110000   7644913  20,  0    199620     10000         0 999999   0
  8120000   7654913  20,  0    199677     10000         0 999999   0
  8130000   7664913  20,  0    199658     10000         0 999999   0
  8140000   7674913  20,  0    199468     10000         0 999999   0
  8150000   7684913  20,  0    199620     10000         0 999999   0
  8160000   7694913  20,  0    199601     10000         0 999999   0
  8170000   7704913  20,  0    199525     10000         0 999999   0
  8180000   7714913  20,  0    199449     10000         0 999999   0
  8190000   7724913  20,  0    199544     10000         0 999999   0
  8200000   7734913  20,  0    199696     10000         0 999999   0
  8210000   7744913  20,  0    199563     10000         0 999999   0
  8220000   7754913  20,  0    199677     10000         0 999999   0
  8230000   7764913  20,  0    199639     10000         0 999999   0
  8240000   7774913  20,  0    199544     10000         0 999999   0
  8250000   7784913  20,  0    199601     10000         0 999999   0
  8260000   7794913  20,  0    199639     10000         0 999999   0
  8270000   7804913  20,  0    199563     10000         0 999999   0
  8280000   7814913  20,  0    199639     10000         0 999999   0
  8290000   7824913  20,  0    199677     10000         0 999999   0
  8300000   7834913  20,  0    199715     10000         0 999999   0
  8310000   7844913  20,  0    199620     10000         0 999999   0
  8320000   7854913  20,  0    199487     10000         0 999999   0
  8330000   7864913  20,  0    199639     10000         0 999999   0
  8340000   7874913  20,  0    199791     10000         0 999999   0
  8350000   7884913  20,  0    199468     10000         0 999999   0
  8360000   7894913  20,  0    199601     10000         0 999999   0
  8370000   7904913  20,  0    199563     10000         0 999999   0
  8380000   7914913  20,  0    199677     10000         0 999999   0
  8390000   7924913  20,  0    199468     10000         0 999999   0
  8400000   7934913  20,  0    199772     10000         0 999999   0
  8410000   7944913  20,  0    199525     10000         0 999999   0
  8420000   7954913  20,  0    199563     10000         0 999999   0
  8430000   7964913  20,  0    199525     10000         0 999999   0
  8440000   7974913  20,  0    199563     10000         0 999999   0
  8450000   7984913  20,  0    199544     10000         0 999999   0
  8460000   7994913  20,  0    199620     10000         0 999999   0
  8470000   8004913  20,  0    199430     10000         0 999999   0
  8480000   8014913  20,  0    199602     10000         0 999999   0
  8490000   8024913  20,  0    199620     10000         0 999999   0
  8500000   8034913  20,  0    199582     10000         0 999999   0
  8510000   8044913  20,  0    199525     10000         0 999999   0
  8520000   8054913  20,  0    199639     10000         0 999999   0
  8530000   8064913  20,  0    199563     10000         0 999999   0
  8540000   8074913  20,  0    199449     10000         0 999999   0
  8550000   8084913  20,  0    199810     10000         0 999999   0
  8560000   8094913  20,  0    199620     10000         0 999999   0
  8570000   8104913  20,  0    199696     10000         0 999999   0
  8580000   8114913  20,  0    199582     10000         0 999999   0
  8590000   8124913  20,  0    199696     10000         0 999999   0
  8600000   8134913  20,  0    199601     10000         0 999999   0
  8610000   8144913  20,  0    199487     10000         0 999999   0
  8620000   8154913  20,  0    199696     10000         0 999999   0
  8630000   8164913  20,  0    199544     10000         0 999999   0
  8640000   8174913  20,  0    199601     10000         0 999999   0
  8650000   8184913  20,  0    199582     10000         0 999999   0
  8660000   8194913  20,  0    199677     10000         0 999999   0
  8670000   8204913  20,  0    199696     10000         0 999999   0
  8680000   8214913  20,  0    199544     10000         0 999999   0
  8690000   8224913  20,  0    199620     10000         0 999999   0
  8700000   8234913  20,  0    199715     10000         0 999999   0
  8710000   8244913  20,  0    199620     10000         0 999999   0
  8720000   8254913  20,  0    199468     10000         0 999999   0
  8730000   8264913  20,  0    199696     10000         0 999999   0
  8740000   8274913  20,  0    199601     10000         0 999999   0
  8750000   8284913  20,  0    199487     10000         0 999999   0
  8760000   8294913  20,  0    199639     10000         0 999999   0
  8770000   8304913  20,  0    199563     10000         0 999999   0
  8780000   8314913  20,  0    199544     10000         0 999999   0
  8790000   8324913  20,  0    199506     10000         0 999999   0
  8800000   8334913  20,  0    199715     10000         0 999999   0
  8810000   8344913  20,  0    199601     10000         0 999999   0
  8820000   8354913  20,  0    199582     10000         0 999999   0
  8830000   8364913  20,  0    199715     10000         0 999999   0
  8840000   8374913  20,  0    199563     10000         0 999999   0
  8850000   8384913  20,  0    199715     10000         0 999999   0
  8860000   8394913  20,  0    199620     10000         0 999999   0
  8870000   8404913  20,  0    199544     10000         0 999999   0
  8880000   8414913  20,  0    199507     10000         0 999999   0
  8890000   8424913  20,  0    199506     10000         0 999999   0
  8900000   8434913  20,  0    199468     10000         0 999999   0
  8910000   8444913  20,  0    199696     10000         0 999999   0
  8920000   8454913  20,  0    199639     10000         0 999999   0
  8930000   8464913  20,  0    199658     10000         0 999999   0
  8940000   8474913  20,  0    199563     10000         0 999999   0
  8950000   8484913  20,  0    199677     10000         0 999999   0
  8960000   8494913  20,  0    199487     10000         0 999999   0
  8970000   8504913  20,  0    199563     10000         0 999999   0
  8980000   8514913  20,  0    199658     10000         0 999999   0
  8990000   8524913  20,  0    199582     10000         0 999999   0
  9000000   8534913  20,  0    199582     10000         0 999999   0
  9010000   8544913  20,  0    199601     10000         0 999999   0
  9020000   8554913  20,  0    199639     10000         0 999999   0
  9030000   8564913  20,  0    199715     10000         0 999999   0
  9040000   8574913  20,  0    199468     10000         0 999999   0
  9050000   8584913  20,  0    199563     10000         0 999999   0
  9060000   8594913  20,  0    199620     10000         0 999999   0
  9070000   8604913  20,  0    199639     10000         0 999999   0
  9080000   8614913  20,  0    199468     10000         0 999999   0
  9090000   8624913  20,  0    199715     10000         0 999999   0
  9100000   8634913  20,  0    199563     10000         0 999999   0
  9110000   8644913  20,  0    199620     10000         0 999999   0
  9120000   8654913  20,  0    199582     10000         0 999999   0
  9130000   8664913  20,  0    199639     10000         0 999999   0
  9140000   8674913  20,  0    199544     10000         0 999999   0
  9150000   8684913  20,  0    199468     10000         0 999999   0
  9160000   8694913  20,  0    199563     10000         0 999999   0
  9170000   8704913  20,  0    199658     10000         0 999999   0
  9180000   8714913  20,  0    199544     10000         0 999999   0
  9190000   8724913  20,  0    199430     10000         0 999999   0
  9200000   8734913  20,  0    199677     10000         0 999999   0
  9210000   8744913  20,  0    199563     10000         0 999999   0
  9220000   8754913  20,  0    199620     10000         0 999999   0
  9230000   8764913  20,  0    199696     10000         0 999999   0
  9240000   8774913  20,  0    199563     10000         0 999999   0
  9250000   8784913  20,  0    199658     10000         0 999999   0
  9260000   8794913  20,  0    199525     10000         0 999999   0
  9270000   8804913  20,  0    199563     10000         0 999999   0
  9280000   8814913  20,  0    199601     10000         0 999999   0
  9290000   8824913  20,  0    199639     10000         0 999999   0
  9300000   8834913  20,  0    199620     10000         0 999999   0
  9310000   8844913  20,  0    199715     10000         0 999999   0
  9320000   8854913  20,  0    199677     10000         0 999999   0
  9330000   8864913  20,  0    199563     10000         0 999999   0
  9340000   8874913  20,  0    199620     10000         0 999999   0
  9350000   8884913  20,  0    199677     10000         0 999999   0
  9360000   8894913  20,  0    199601     10000         0 999999   0
  9370000   8904913  20,  0    199715     10000         0 999999   0
  9380000   8914913  20,  0    199601     10000         0 999999   0
  9390000   8924913  20,  0    199430     10000         0 999999   0
  9400000   8934913  20,  0    199525     10000         0 999999   0
  9410000   8944913  20,  0    199601     10000         0 999999   0
  9420000   8954913  20,  0    199525     10000         0 999999   0
  9430000   8964913  20,  0    199639     10000         0 999999   0
  9440000   8974913  20,  0    199487     10000         0 999999   0
  9450000   8984913  20,  0    199639     10000         0 999999   0
  9460000   8994913  20,  0    199658     10000         0 999999   0
  9470000   9004913  20,  0    199582     10000         0 999999   0
  9480000   9014913  20,  0    199506     10000         0 999999   0
  9490000   9024913  20,  0    199620     10000         0 999999   0
  9500000   9034913  20,  0    199487     10000         0 999999   0
  9510000   9044913  20,  0    199715     10000         0 999999   0
  9520000   9054913  20,  0    199544     10000         0 999999   0
  9530000   9064913  20,  0    199715     10000         0 999999   0
  9540000   9074913  20,  0    199620     10000         0 999999   0
  9550000   9084913  20,  0    199563     10000         0 999999   0
  9560000   9094913  20,  0    199563     10000         0 999999   0
  9570000   9104913  20,  0    199525     10000         0 999999   0
  9580000   9114913  20,  0    199639     10000         0 999999   0
  9590000   9124913  20,  0    199677     10000         0 999999   0
  9600000   9134913  20,  0    199753     10000         0 999999   0
  9610000   9144913  20,  0    199601     10000         0 999999   0
  9620000   9154913  20,  0    199734     10000         0 999999   0
  9630000   9164913  20,  0    199639     10000         0 999999   0
  9640000   9174913  20,  0    199449     10000         0 999999   0
  9650000   9184913  20,  0    199563     10000         0 999999   0
  9660000   9194913  20,  0    199620     10000         0 999999   0
  9670000   9204913  20,  0    199620     10000         0 999999   0
  9680000   9214913  20,  0    199506     10000         0 999999   0
  9690000   9224913  20,  0    199411     10000         0 999999   0
  9700000   9234913  20,  0    199715     10000         0 999999   0
  9710000   9244913  20,  0    199487     10000         0 999999   0
  9720000   9254913  20,  0    199563     10000         0 999999   0
  9730000   9264913  20,  0    199677     10000         0 999999   0
  9740000   9274913  20,  0    199620     10000         0 999999   0
  9750000   9284913  20,  0    199506     10000         0 999999   0
  9760000   9294913  20,  0    199601     10000         0 999999   0
  9770000   9304913  20,  0    199392     10000         0 999999   0
  9780000   9314913  20,  0    199639     10000         0 999999   0
  9790000   9324913  20,  0    199487     10000         0 999999   0
  9800000   9334913  20,  0    199563     10000         0 999999   0
  9810000   9344913  20,  0    199696     10000         0 999999   0
  9820000   9354913  20,  0    199601     10000         0 999999   0
  9830000   9364913  20,  0    199639     10000         0 999999   0
  9840000   9374913  20,  0    199620     10000         0 999999   0
  9850000   9384913  20,  0    199715     10000         0 999999   0
  9860000   9394913  20,  0    199753     10000         0 999999   0
  9870000   9404913  20,  0    199563     10000         0 999999   0
  9880000   9414913  20,  0    199506     10000         0 999999   0
  9890000   9424913  20,  0    199639     10000         0 999999   0
  9900000   9434913  20,  0    199544     10000         0 999999   0
  9910000   9444913  20,  0    199677     10000         0 999999   0
  9920000   9454913  20,  0    199487     10000         0 999999   0
  9930000   9464913  20,  0    199544     10000         0 999999   0
  9940000   9474913  20,  0    199582     10000         0 999999   0
  9950000   9484913  20,  0    199468     10000         0 999999   0
  9960000   9494913  20,  0    199658     10000         0 999999   0
  9970000   9504913  20,  0    199620     10000         0 999999   0
  9980000   9514913  20,  0    199620     10000         0 999999   0
  9990000   9524913  20,  0    199354     10000         0 999999   0
 10000000   9534913  20,  0    199563     10000         0 999999   0
 10010000   9544913  20,  0    199563     10000         0 999999   0
 10020000   9554913  20,  0    199639     10000         0 999999   0
 10030000   9564913  20,  0    199658     10000         0 999999   0
 10040000   9574913  20,  0    199678     10000         0 999999   0
 10050000   9584913  20,  0    199487     10000         0 999999   0
 10060000   9594913  20,  0    199563     10000         0 999999   0
 10070000   9604913  20,  0    199696     10000         0 999999   0
 10080000   9614913  20,  0    199601     10000         0 999999   0
 10090000   9624913  20,  0    199639     10000         0 999999   0
 10100000   9634913  20,  0    199639     10000         0 999999   0
 10110000   9644913  20,  0    199601     10000         0 999999   0
 10120000   9654913  20,  0    199677     10000         0 999999   0
 10130000   9664913  20,  0    199582     10000         0 999999   0
 10140000   9674913  20,  0    199677     10000         0 999999   0
 10150000   9684913  20,  0    199449     10000         0 999999   0
 10160000   9694913  20,  0    199620     10000         0 999999   0
 10170000   9704913  20,  0    199525     10000         0 999999   0
 10180000   9714913  20,  0    199601     10000         0 999999   0
 10190000   9724913  20,  0    199715     10000         0 999999   0
 10200000   9734913  20,  0    199601     10000         0 999999   0
 10210000   9744913  20,  0    199544     10000         0 999999   0
 10220000   9754913  20,  0    199468     10000         0 999999   0
 10230000   9764913  20,  0    199563     10000         0 999999   0
 10240000   9774913  20,  0    199658     10000         0 999999   0
 10250000   9784913  20,  0    199620     10000         0 999999   0
 10260000   9794913  20,  0    199468     10000         0 999999   0
 10270000   9804913  20,  0    199639     10000         0 999999   0
 10280000   9814913  20,  0    199449     10000         0 999999   0
 10290000   9824913  20,  0    199677     10000         0 999999   0
 10300000   9834913  20,  0    199753     10000         0 999999   0
 10310000   9844913  20,  0    199582     10000         0 999999   0
 10320000   9854913  20,  0    199753     10000         0 999999   0
 10330000   9864913  20,  0    199696     10000         0 999999   0
 10340000   9874913  20,  0    199658     10000         0 999999   0
 10350000   9884913  20,  0    199620     10000         0 999999   0
 10360000   9894913  20,  0    199487     10000         0 999999   0
 10370000   9904913  20,  0    199487     10000         0 999999   0
 10380000   9914913  20,  0    199544     10000         0 999999   0
 10390000   9924913  20,  0    199525     10000         0 999999   0
 10400000   9934913  20,  0    199715     10000         0 999999   0
 10410000   9944913  20,  0    199468     10000         0 999999   0
 10420000   9954913  20,  0    199734     10000         0 999999   0
 10430000   9964913  20,  0    199639     10000         0 999999   0
 10440000   9974913  20,  0    199639     10000         0 999999   0
 10450000   9984913  20,  0    199734     10000         0 999999   0
 10460000   9994913  20,  0    199734     10000         0 999999   0

 10465088  10000001  20,  0    101550      5087         0  *


Total Time = 15092 seconds; Search Time = 15090 seconds.
Terminated due to Maximum Patience Reached
Best Configuration:
AB CD EF GH IJ KL MN OP QR ST UV WX YZ
QA MZ HU KS IC JP OX DE BW NG YL RT VF
NO ZX EH WY VK CQ LG IU MJ PT DF SB AR
ER QH LO AW MY IX NT UZ PD GK CV JB SF
OU SH LB PM ZK GI JA DW TF EX VQ RY NC
XA PL EM WN BR YC TJ KH OV IF ZS QU GD
HW BX IT ZE GY KJ CP OM QN SU DV FA RL
KP OR GA EC ZI DH VY TB QJ ML WS NX UF
YI VT LA QZ JW OK RS MC DU EN GB FX PH
SC EU DB IK TZ XJ OY HL RP AN WG QF MV
BO SD TK EJ VG CF QY PA IN WU RZ MH XL
PY FM UX WZ ND SE VJ TL BQ RH KA GC IO
FY WP LZ XR QI NH UM OA VB ET GS KC DJ
ZB EP VW CT NR AM ID SJ OH XQ GU YK FL
CJ ZA UL XH KW VR EY GF MD QP OT IS NB
IH GX DR SP WQ BY JL NU CA OF KE MT ZV
ZG FR SM KQ VN IA CH JU BP EL TY DX WO
MQ XT AD IR VP OE SL UK HZ YN WC BF GJ
IP QE MB KN WF HV GL AY TU RJ CX ZD SO
XY SV MI NL WR CO KF GQ PU EA ZJ BH DT
ZO YS PN EG TH VX CB AU LI RK FJ DQ WM
PZ NF VL XK TG DY SQ EW IB CU MR JO HA
HY PG XS UB FZ LD TA MK JN IW VE QO CR
DK YU EB OQ HJ PF SA WT VI ZN RG CL MX
EI LW XP KB FH SN CZ DO UR YJ QT GM AV

Score = 20
Old Score = 0
Bad partnerings
  A B C D E F G H I J K L M N O P Q R S T U V W X Y Z 
A . 1 1 1 1 1 1 1 1 1 1 1 1 1 1 1 1 1 1 1 1 1 1 1 1 1
B 1 . 1 1 1 1 1 1 1 1 1 1 1 1 1 1 1 1 1 1 1 1 1 1 1 1
C 1 1 . 1 1 1 1 1 1 1 1 1 1 1 1 1 1 1 1 1 1 1 1 1 1 1
D 1 1 1 . 1 1 1 1 1 1 1 1 1 1 1 1 1 1 1 1 1 1 1 1 1 1
E 1 1 1 1 . 1 1 1 1 1 1 1 1 1 1 1 1 1 1 1 1 1 1 1 1 1
F 1 1 1 1 1 . 1 1 1 1 1 1 1 1 1 1 1 1 1 1 1 1 1 1 1 1
G 1 1 1 1 1 1 . 1 1 1 1 2 1 1 0 1 1 1 1 1 1 1 1 1 1 1
H 1 1 1 1 1 1 1 . 1 1 1 1 1 1 1 1 1 1 1 1 1 1 1 1 1 1
I 1 1 1 1 1 1 1 1 . 1 1 1 1 1 1 1 1 1 1 1 1 1 1 1 1 1
J 1 1 1 1 1 1 1 1 1 . 1 1 1 1 1 1 1 1 1 1 1 1 1 1 1 1
K 1 1 1 1 1 1 1 1 1 1 . 1 1 1 1 1 1 1 1 1 1 1 1 1 1 1
L 1 1 1 1 1 1 2 1 1 1 1 . 1 1 1 1 0 1 1 1 1 1 1 1 1 1
M 1 1 1 1 1 1 1 1 1 1 1 1 . 1 1 1 1 1 1 1 1 1 1 1 1 1
N 1 1 1 1 1 1 1 1 1 1 1 1 1 . 1 1 1 1 1 1 1 1 1 1 1 1
O 1 1 1 1 1 1 0 1 1 1 1 1 1 1 . 1 2 1 1 1 1 1 1 1 1 1
P 1 1 1 1 1 1 1 1 1 1 1 1 1 1 1 . 1 1 1 1 1 1 1 1 1 1
Q 1 1 1 1 1 1 1 1 1 1 1 0 1 1 2 1 . 1 1 1 1 1 1 1 1 1
R 1 1 1 1 1 1 1 1 1 1 1 1 1 1 1 1 1 . 1 1 1 1 1 1 1 1
S 1 1 1 1 1 1 1 1 1 1 1 1 1 1 1 1 1 1 . 1 1 1 1 1 1 1
T 1 1 1 1 1 1 1 1 1 1 1 1 1 1 1 1 1 1 1 . 1 1 1 1 1 1
U 1 1 1 1 1 1 1 1 1 1 1 1 1 1 1 1 1 1 1 1 . 1 1 1 1 1
V 1 1 1 1 1 1 1 1 1 1 1 1 1 1 1 1 1 1 1 1 1 . 1 1 1 1
W 1 1 1 1 1 1 1 1 1 1 1 1 1 1 1 1 1 1 1 1 1 1 . 1 1 1
X 1 1 1 1 1 1 1 1 1 1 1 1 1 1 1 1 1 1 1 1 1 1 1 . 1 1
Y 1 1 1 1 1 1 1 1 1 1 1 1 1 1 1 1 1 1 1 1 1 1 1 1 . 1
Z 1 1 1 1 1 1 1 1 1 1 1 1 1 1 1 1 1 1 1 1 1 1 1 1 1 .
