Mon Oct 14 10:24:34 CDT 2002	Running ./pairs -n 24 -g 23 -t 10000000
Population = 100	MaxIter = 100000000
TermCount = 10000000	MaxSwap = 10
Opt = 0
Iteration Best Cnt  Score       Mutates   Cross-Ovr Inserts
        0         1 1030,  0         1         1         1 1250   1
    10000      1208 480,  0    156296     10000      1842 480   1
    20000       204 310,  0    178482     10000       757 310   1
    30000      3107 250,  0    183737     10000       489 250   1
    40000      3809 190,  0    186624     10000       344 190   1
    50000      1861 150,  0    189799     10000       235 150   1
    60000      4248 140,  0    191089     10000       183 140   1
    70000      2570 120,  0    193199     10000       103 120   1
    80000     12570 120,  0    195537     10000        56 120   1
    90000     22570 120,  0    196143     10000        27 120   1
   100000     32570 120,  0    194699     10000        53 120   1
   110000      3154 110,  0    197397     10000        29 110   1
   120000     13154 110,  0    195307     10000        35 110   1
   130000      2589 100,  0    195649     10000        41 100   1
   140000      3653  90,  0    195478     10000        49  90   1
   150000     13653  90,  0    195099     10000        62  90   1
   160000     23653  90,  0    194682     10000        57  90   1
   170000       811  80,  0    197853     10000        13  80   1
   180000     10811  80,  0    196638     10000        29  80   1
   190000     20811  80,  0    196279     10000        42  80   1
   200000      9025  70,  0    198062     10000        24  70   1
   210000     19025  70,  0    195668     10000        50  70   1
   220000      6849  60,  0    196866     10000        37  60   1
   230000     16849  60,  0    197663     10000        20  60   1
   240000     26849  60,  0    196352     10000        42  70   1
   250000     36849  60,  0    198822     10000         3  60   1
   260000     46849  60,  0    198861     10000         6  60   1
   270000     56849  60,  0    198746     10000         8  60   1
   280000     66849  60,  0    198461     10000        16  60   1
   290000     76849  60,  0    197892     10000        18  60   1
   300000     86849  60,  0    197303     10000        33  60   1
   310000      6809  50,  0    198328     10000        17  50   1
   320000     16809  50,  0    199050     10000         4  50   1
   330000     26809  50,  0    199088     10000         2  50   1
   340000     36809  50,  0    198518     10000         6  50   1
   350000     46809  50,  0    198784     10000         5  50   1
   360000     56809  50,  0    198670     10000         7  50   1
   370000     66809  50,  0    198537     10000         8  50   1
   380000      3959  40,  0    198195     10000        19  40   1
   390000     13959  40,  0    197701     10000        21  40   1
   400000     23959  40,  0    196751     10000        26  40   1
   410000     33959  40,  0    199164     10000         8  40   1
   420000     43959  40,  0    199145     10000         9  40   1
   430000     53959  40,  0    199050     10000        14  40   1
   440000     63959  40,  0    198594     10000        21  40   1
   450000     73959  40,  0    198177     10000        31  40   1
   460000     83959  40,  0    198765     10000        12  40   1
   470000     93959  40,  0    198917     10000         0 999999   0
   480000    103959  40,  0    199107     10000         0 999999   0
   490000    113959  40,  0    199240     10000         0 999999   0
   500000    123959  40,  0    199126     10000         0 999999   0
   510000    133959  40,  0    199107     10000         0 999999   0
   520000    143959  40,  0    199354     10000         0 999999   0
   530000    153959  40,  0    198917     10000         0 999999   0
   540000    163959  40,  0    198898     10000         0 999999   0
   550000    173959  40,  0    199278     10000         0 999999   0
   560000    183959  40,  0    199221     10000         0 999999   0
   570000    193959  40,  0    199430     10000         0 999999   0
   580000    203959  40,  0    199183     10000         0 999999   0
   590000    213959  40,  0    199411     10000         0 999999   0
   600000    223959  40,  0    199202     10000         0 999999   0
   610000      5417  30,  0    199202     10000         1  30   1
   620000     15417  30,  0    199126     10000         1  30   1
   630000     25417  30,  0    198917     10000         1  30   1
   640000     35417  30,  0    198955     10000         1  30   1
   650000     45417  30,  0    198765     10000         6  30   1
   660000     55417  30,  0    198860     10000         6  30   1
   670000      8273  20,  0    199069     10000         6  20   1
   680000     18273  20,  0    198537     10000        13  20   1
   690000     28273  20,  0    197872     10000        20  20   1
   700000     38273  20,  0    197093     10000        32  20   1
   710000     48273  20,  0    198233     10000        23  20   1
   720000     58273  20,  0    198993     10000         8  20   1
   730000     68273  20,  0    198898     10000        10  20   1
   740000     78273  20,  0    198879     10000        18  20   1
   750000     88273  20,  0    198632     10000        27  20   1
   760000     98273  20,  0    199031     10000        14  20   1
   770000    108273  20,  0    199392     10000         0 999999   0
   780000    118273  20,  0    199658     10000         0 999999   0
   790000    128273  20,  0    199639     10000         0 999999   0
   800000    138273  20,  0    199411     10000         0 999999   0
   810000    148273  20,  0    199544     10000         0 999999   0
   820000    158273  20,  0    199392     10000         0 999999   0
   830000    168273  20,  0    199563     10000         0 999999   0
   840000    178273  20,  0    199506     10000         0 999999   0
   850000    188273  20,  0    199563     10000         0 999999   0
   860000    198273  20,  0    199525     10000         0 999999   0
   870000    208273  20,  0    199392     10000         0 999999   0
   880000    218273  20,  0    199221     10000         0 999999   0
   890000    228273  20,  0    199506     10000         0 999999   0
   900000    238273  20,  0    199582     10000         0 999999   0
   910000    248273  20,  0    199601     10000         0 999999   0
   920000    258273  20,  0    199525     10000         0 999999   0
   930000    268273  20,  0    199335     10000         0 999999   0
   940000    278273  20,  0    199430     10000         0 999999   0
   950000    288273  20,  0    199620     10000         0 999999   0
   960000    298273  20,  0    199544     10000         0 999999   0
   970000    308273  20,  0    199506     10000         0 999999   0
   980000    318273  20,  0    199563     10000         0 999999   0
   990000    328273  20,  0    199601     10000         0 999999   0
  1000000    338273  20,  0    199563     10000         0 999999   0
  1010000    348273  20,  0    199582     10000         0 999999   0
  1020000    358273  20,  0    199468     10000         0 999999   0
  1030000    368273  20,  0    199639     10000         0 999999   0
  1040000    378273  20,  0    199639     10000         0 999999   0
  1050000    388273  20,  0    199544     10000         0 999999   0
  1060000    398273  20,  0    199601     10000         0 999999   0
  1070000    408273  20,  0    199392     10000         0 999999   0
  1080000    418273  20,  0    199259     10000         0 999999   0
  1090000    428273  20,  0    199392     10000         0 999999   0
  1100000    438273  20,  0    199449     10000         0 999999   0
  1110000    448273  20,  0    199639     10000         0 999999   0
  1120000    458273  20,  0    199677     10000         0 999999   0
  1130000    468273  20,  0    199563     10000         0 999999   0
  1140000    478273  20,  0    199563     10000         0 999999   0
  1150000    488273  20,  0    199639     10000         0 999999   0
  1160000    498273  20,  0    199430     10000         0 999999   0
  1170000    508273  20,  0    199525     10000         0 999999   0
  1180000    518273  20,  0    199639     10000         0 999999   0
  1190000    528273  20,  0    199582     10000         0 999999   0
  1200000    538273  20,  0    199221     10000         0 999999   0
  1210000    548273  20,  0    199563     10000         0 999999   0
  1220000    558273  20,  0    199639     10000         0 999999   0
  1230000    568273  20,  0    199468     10000         0 999999   0
  1240000    578273  20,  0    199658     10000         0 999999   0
  1250000    588273  20,  0    199449     10000         0 999999   0
  1260000    598273  20,  0    199373     10000         0 999999   0
  1270000    608273  20,  0    199753     10000         0 999999   0
  1280000    618273  20,  0    199468     10000         0 999999   0
  1290000    628273  20,  0    199430     10000         0 999999   0
  1300000    638273  20,  0    199468     10000         0 999999   0
  1310000    648273  20,  0    199354     10000         0 999999   0
  1320000    658273  20,  0    199373     10000         0 999999   0
  1330000    668273  20,  0    199392     10000         0 999999   0
  1340000    678273  20,  0    199601     10000         0 999999   0
  1350000    688273  20,  0    199506     10000         0 999999   0
  1360000    698273  20,  0    199582     10000         0 999999   0
  1370000    708273  20,  0    199527     10000         0 999999   0
  1380000    718273  20,  0    199620     10000         0 999999   0
  1390000    728273  20,  0    199468     10000         0 999999   0
  1400000    738273  20,  0    199487     10000         0 999999   0
  1410000    748273  20,  0    199639     10000         0 999999   0
  1420000    758273  20,  0    199620     10000         0 999999   0
  1430000    768273  20,  0    199639     10000         0 999999   0
  1440000    778273  20,  0    199392     10000         0 999999   0
  1450000    788273  20,  0    199658     10000         0 999999   0
  1460000    798273  20,  0    199487     10000         0 999999   0
  1470000    808273  20,  0    199468     10000         0 999999   0
  1480000    818273  20,  0    199544     10000         0 999999   0
  1490000    828273  20,  0    199601     10000         0 999999   0
  1500000    838273  20,  0    199525     10000         0 999999   0
  1510000    848273  20,  0    199544     10000         0 999999   0
  1520000    858273  20,  0    199620     10000         0 999999   0
  1530000    868273  20,  0    199430     10000         0 999999   0

  1539851         0   0,  0    196431      9851         1  *


Total Time = 2520 seconds; Search Time = 2518 seconds.
Best Configuration:
AB CD EF GH IJ KL MN OP QR ST UV WX
PT HM GX OD BL SU KE FI RW VA NQ CJ
RB CT OJ UQ IV FK GS XD PL NA HE MW
RC IW QT JU NO PG KD FB XM SE LV AH
HU ND XP JV MS GI CA QO LR KB TE WF
IE FS JK UA HO NW MP TL DR XC GB QV
EM UD NB GL KQ XR FT IO VH AS WC PJ
LE OS RP UM AT FD WG XK CV HQ BJ IN
VE OR CI KN WB JH FQ XA GD LM UT PS
UP ID AW OF EJ HK RV QM TG BS LX NC
NL SI KT PD GM VF OC EW UR QB AJ HX
SQ BM CH PE VG IK JR LA XN TO WD FU
EQ GR AD NJ FP IX SW UC VK OL BH MT
VN HR JW SC DB QG LF AP UI OE KM XT
VB GA MR CE DH LI XO QP SN JF UK TW
HL KO PV JM DT BI GE XS UW FA CQ RN
IH PC GO FM TN VW QX AK DL SJ RE UB
PB TV AO DM RI NE QJ SK GC WL HF UX
KG OW MV ED QA SR CF XJ IP UL BT HN
XF KW BE MC AI SV OU GN RT JD QL HP
PW BO MA XE KR TJ LC QI VD HS NU FG
KP MO RA NF JG XV CB EU WH QD LS IT
JL SD UG PN RF CK WQ AE XB VO MI TH

Score = 0
Old Score = 0
Bad partnerings
  A B C D E F G H I J K L M N O P Q R S T U V W X 
A . 1 1 1 1 1 1 1 1 1 1 1 1 1 1 1 1 1 1 1 1 1 1 1
B 1 . 1 1 1 1 1 1 1 1 1 1 1 1 1 1 1 1 1 1 1 1 1 1
C 1 1 . 1 1 1 1 1 1 1 1 1 1 1 1 1 1 1 1 1 1 1 1 1
D 1 1 1 . 1 1 1 1 1 1 1 1 1 1 1 1 1 1 1 1 1 1 1 1
E 1 1 1 1 . 1 1 1 1 1 1 1 1 1 1 1 1 1 1 1 1 1 1 1
F 1 1 1 1 1 . 1 1 1 1 1 1 1 1 1 1 1 1 1 1 1 1 1 1
G 1 1 1 1 1 1 . 1 1 1 1 1 1 1 1 1 1 1 1 1 1 1 1 1
H 1 1 1 1 1 1 1 . 1 1 1 1 1 1 1 1 1 1 1 1 1 1 1 1
I 1 1 1 1 1 1 1 1 . 1 1 1 1 1 1 1 1 1 1 1 1 1 1 1
J 1 1 1 1 1 1 1 1 1 . 1 1 1 1 1 1 1 1 1 1 1 1 1 1
K 1 1 1 1 1 1 1 1 1 1 . 1 1 1 1 1 1 1 1 1 1 1 1 1
L 1 1 1 1 1 1 1 1 1 1 1 . 1 1 1 1 1 1 1 1 1 1 1 1
M 1 1 1 1 1 1 1 1 1 1 1 1 . 1 1 1 1 1 1 1 1 1 1 1
N 1 1 1 1 1 1 1 1 1 1 1 1 1 . 1 1 1 1 1 1 1 1 1 1
O 1 1 1 1 1 1 1 1 1 1 1 1 1 1 . 1 1 1 1 1 1 1 1 1
P 1 1 1 1 1 1 1 1 1 1 1 1 1 1 1 . 1 1 1 1 1 1 1 1
Q 1 1 1 1 1 1 1 1 1 1 1 1 1 1 1 1 . 1 1 1 1 1 1 1
R 1 1 1 1 1 1 1 1 1 1 1 1 1 1 1 1 1 . 1 1 1 1 1 1
S 1 1 1 1 1 1 1 1 1 1 1 1 1 1 1 1 1 1 . 1 1 1 1 1
T 1 1 1 1 1 1 1 1 1 1 1 1 1 1 1 1 1 1 1 . 1 1 1 1
U 1 1 1 1 1 1 1 1 1 1 1 1 1 1 1 1 1 1 1 1 . 1 1 1
V 1 1 1 1 1 1 1 1 1 1 1 1 1 1 1 1 1 1 1 1 1 . 1 1
W 1 1 1 1 1 1 1 1 1 1 1 1 1 1 1 1 1 1 1 1 1 1 . 1
X 1 1 1 1 1 1 1 1 1 1 1 1 1 1 1 1 1 1 1 1 1 1 1 .
