Mon Oct 14 15:18:06 CDT 2002	Running ./pairs -n 28 -g 27 -t 10000000
Population = 100	MaxIter = 100000000
TermCount = 10000000	MaxSwap = 10
Opt = 0
Iteration Best Cnt  Score       Mutates   Cross-Ovr Inserts
        0         1 1580,  0         1         1         1 1710   1
    10000       384 630,  0    147522     10000      2280 630   1
    20000       186 400,  0    173014     10000       975 400   1
    30000      1896 300,  0    180964     10000       595 300   1
    40000      1494 240,  0    187118     10000       373 240   1
    50000      4153 200,  0    187061     10000       316 200   1
    60000      5472 170,  0    191090     10000       216 170   1
    70000      2692 150,  0    191128     10000       183 150   1
    80000      6202 130,  0    193407     10000        98 130   1
    90000     16202 130,  0    194339     10000        74 130   1
   100000      7495 120,  0    193883     10000        70 120   1
   110000     17495 120,  0    194509     10000        69 120   1
   120000      8409 110,  0    196067     10000        46 110   1
   130000      5059 100,  0    195840     10000        50 100   1
   140000     15059 100,  0    197207     10000        36 100   1
   150000     25059 100,  0    196390     10000        37 100   1
   160000     35059 100,  0    198005     10000        21 100   1
   170000      9447  90,  0    197340     10000        31  90   1
   180000     19447  90,  0    197378     10000        36  90   1
   190000     29447  90,  0    199183     10000         4  90   1
   200000     39447  90,  0    198993     10000         5  90   1
   210000     49447  90,  0    198841     10000         9  90   1
   220000     59447  90,  0    198879     10000         7  90   1
   230000     69447  90,  0    198195     10000        19  90   1
   240000      4304  80,  0    198024     10000        22  80   1
   250000     14304  80,  0    197910     10000        29  90   1
   260000     24304  80,  0    199487     10000         0 999999   0
   270000     34304  80,  0    199392     10000         0 999999   0
   280000     44304  80,  0    199297     10000         0 999999   0
   290000     54304  80,  0    199544     10000         0 999999   0
   300000     64304  80,  0    199506     10000         1  80   1
   310000     74304  80,  0    199392     10000         1  80   1
   320000     84304  80,  0    199620     10000         1  80   1
   330000     94304  80,  0    199506     10000         1  80   1
   340000    104304  80,  0    199411     10000         1  80   1
   350000    114304  80,  0    199392     10000         0 999999   0
   360000    124304  80,  0    199354     10000         0 999999   0
   370000    134304  80,  0    199240     10000         1  80   1
   380000    144304  80,  0    199354     10000         0 999999   0
   390000    154304  80,  0    199392     10000         4  80   1
   400000    164304  80,  0    199316     10000         3  80   1
   410000    174304  80,  0    199411     10000         2  80   1
   420000    184304  80,  0    199487     10000         2  80   1
   430000    194304  80,  0    199354     10000         2  80   1
   440000    204304  80,  0    199316     10000         4  80   1
   450000    214304  80,  0    199316     10000         5  80   1
   460000    224304  80,  0    199107     10000         2  80   1
   470000    234304  80,  0    198708     10000         6  80   1
   480000    244304  80,  0    199088     10000         8  80   1
   490000    254304  80,  0    198822     10000        16  80   1
   500000    264304  80,  0    198670     10000        11  80   1
   510000      3567  70,  0    198176     10000        24  70   1
   520000     13567  70,  0    199013     10000         6  70   1
   530000     23567  70,  0    199430     10000         0 999999   0
   540000     33567  70,  0    199335     10000         2  70   1
   550000     43567  70,  0    199259     10000         2  70   1
   560000     53567  70,  0    199449     10000         2  70   1
   570000     63567  70,  0    199411     10000         1  70   1
   580000     73567  70,  0    199373     10000         2  70   1
   590000     83567  70,  0    199354     10000         3  70   1
   600000     93567  70,  0    199221     10000         4  70   1
   610000    103567  70,  0    199221     10000         6  70   1
   620000    113567  70,  0    198936     10000        13  70   1
   630000      5238  60,  0    198651     10000        11  60   1
   640000     15238  60,  0    198651     10000        12  60   1
   650000     25238  60,  0    198385     10000        15  60   1
   660000     35238  60,  0    198195     10000        18  60   1
   670000     45238  60,  0    199164     10000        10  60   1
   680000     55238  60,  0    199430     10000         1  60   1
   690000     65238  60,  0    199374     10000         0 999999   0
   700000     75238  60,  0    199449     10000         3  60   1
   710000     85238  60,  0    199354     10000         5  60   1
   720000     95238  60,  0    199373     10000         4  60   1
   730000    105238  60,  0    199373     10000         5  60   1
   740000    115238  60,  0    199031     10000         7  60   1
   750000    125238  60,  0    198974     10000        11  60   1
   760000    135238  60,  0    198557     10000        12  60   1
   770000    145238  60,  0    198499     10000        10  60   1
   780000    155238  60,  0    198006     10000        23  60   1
   790000    165238  60,  0    199031     10000        11  60   1
   800000    175238  60,  0    199639     10000         0 999999   0
   810000      2687  50,  0    199506     10000         2  50   1
   820000     12687  50,  0    199582     10000         1  50   1
   830000     22687  50,  0    199354     10000         2  50   1
   840000     32687  50,  0    199335     10000         3  50   1
   850000     42687  50,  0    199449     10000         3  50   1
   860000     52687  50,  0    199259     10000         4  50   1
   870000     62687  50,  0    199183     10000         4  50   1
   880000     72687  50,  0    199183     10000         3  50   1
   890000     82687  50,  0    199316     10000         3  50   1
   900000     92687  50,  0    199221     10000         1  50   1
   910000    102687  50,  0    199069     10000         6  50   1
   920000    112687  50,  0    198974     10000         7  50   1
   930000      7782  40,  0    198917     10000         5  40   1
   940000     17782  40,  0    199012     10000         7  50   1
   950000     27782  40,  0    198936     10000         8  40   1
   960000     37782  40,  0    198309     10000        19  40   1
   970000     47782  40,  0    198157     10000        11  50   1
   980000     57782  40,  0    198956     10000        11  40   1
   990000     67782  40,  0    199449     10000         5  40   1
  1000000     77782  40,  0    199601     10000         1  40   1
  1010000     87782  40,  0    199525     10000         3  40   1
  1020000     97782  40,  0    199582     10000         2  40   1
  1030000    107782  40,  0    199639     10000         3  40   1
  1040000    117782  40,  0    199506     10000         4  40   1
  1050000    127782  40,  0    199411     10000         7  40   1
  1060000    137782  40,  0    199202     10000         8  40   1
  1070000    147782  40,  0    199202     10000         5  40   1
  1080000    157782  40,  0    198747     10000        17  40   1
  1090000    167782  40,  0    198822     10000        15  40   1
  1100000      7656  30,  0    198614     10000        13  30   1
  1110000     17656  30,  0    198044     10000        15  30   1
  1120000     27656  30,  0    199601     10000         1  30   1
  1130000     37656  30,  0    199525     10000         3  30   1
  1140000     47656  30,  0    199506     10000         4  30   1
  1150000     57656  30,  0    199582     10000         1  30   1
  1160000     67656  30,  0    199563     10000         0 999999   0
  1170000     77656  30,  0    199430     10000         3  30   1
  1180000     87656  30,  0    199601     10000         0 999999   0
  1190000     97656  30,  0    199335     10000         3  30   1
  1200000    107656  30,  0    199259     10000         3  30   1
  1210000    117656  30,  0    199316     10000         3  30   1
  1220000    127656  30,  0    199373     10000         0 999999   0
  1230000    137656  30,  0    199506     10000         1  30   1
  1240000    147656  30,  0    199544     10000         1  30   1
  1250000    157656  30,  0    199468     10000         1  30   1
  1260000    167656  30,  0    199316     10000         4  30   1
  1270000    177656  30,  0    199145     10000         4  30   1
  1280000    187656  30,  0    199373     10000         5  30   1
  1290000    197656  30,  0    199354     10000         3  30   1
  1300000    207656  30,  0    199145     10000         3  30   1
  1310000    217656  30,  0    199165     10000         7  30   1
  1320000    227656  30,  0    199146     10000         2  30   1
  1330000    237656  30,  0    199069     10000         4  30   1
  1340000    247656  30,  0    199335     10000         3  30   1
  1350000    257656  30,  0    199221     10000         6  30   1
  1360000      2884  20,  0    198993     10000         5  20   1
  1370000     12884  20,  0    198689     10000        10  20   1
  1380000     22884  20,  0    198822     10000         8  30   1
  1390000     32884  20,  0    198955     10000         4  20   1
  1400000     42884  20,  0    199924     10000         1  20   1
  1410000     52884  20,  0    199848     10000         0 999999   0
  1420000     62884  20,  0    199867     10000         0 999999   0
  1430000     72884  20,  0    199792     10000         0 999999   0
  1440000     82884  20,  0    199791     10000         3  20   1
  1450000     92884  20,  0    199677     10000         3  20   1
  1460000    102884  20,  0    199905     10000         4  20   1
  1470000    112884  20,  0    199487     10000         8  20   1
  1480000    122884  20,  0    199544     10000         6  20   1
  1490000    132884  20,  0    199468     10000         2  20   1
  1500000    142884  20,  0    199430     10000         3  20   1
  1510000    152884  20,  0    199506     10000         3  20   1
  1520000    162884  20,  0    199525     10000         1  20   1
  1530000    172884  20,  0    199411     10000         2  20   1
  1540000    182884  20,  0    199582     10000         4  20   1
  1550000    192884  20,  0    199392     10000         4  20   1
  1560000    202884  20,  0    199240     10000         5  20   1
  1570000    212884  20,  0    198993     10000        22  20   1
  1580000    222884  20,  0    198670     10000        26  20   1

  1580791         0   0,  0     15706       791         1  *


Total Time = 2294 seconds; Search Time = 2293 seconds.
Best Configuration:
AB CD EF GH IJ KL MN OP QR ST UV WX YZ 12
LR XS EV QY PC FD AU BG IZ 2J HK M1 TN OW
SQ AE YV RU DT ZL WP XN 1G FB 2O JK HI MC
SL F1 OQ WH N2 GJ ZD KC UT IE AX RB PY VM
SP BC QA ON KE DJ FI YH XT ZU LM VW G2 R1
MW BZ AR HN IP UQ FY V1 KX D2 GS EJ TO CL
GR ES Y2 NC BT L1 PK XI UF QD JZ OM VH WA
FV 1I SA TQ GE 2B CY UX MJ NW DR OK LP ZH
VP Q2 ZS AN UH GF KI XJ TE 1C YB OL MR DW
BJ OA CF GX YU LN EQ VD HM ZW IS RT 2K P1
MZ PN BQ 1O CJ GW YT RK AD IU 2S LF VX HE
J1 LV KU BS ED AP RN ZF WI QC 2H GT OX YM
MI WU KA 1E XC ZR PF LQ YJ SN 2T HB OD GV
R2 MP OY GI VZ FS BN 1A QH LW JT UC KD XE
YR BK ID JL 2C WS QM 1T VN PE AH XF ZG OU
RV 1Z 2E SH KQ LB PG YW JO UN IT MF XD CA
FT RE VK XM GA 1S YL W2 CI QN UD HJ BP OZ
YN JW XL DH F2 Q1 AT SO IV KM BU ZE PR GC
1X EN PD VO U2 GY QI JF HT BM AL WC ZK SR
IR OC VA JS XZ 1Y HL FQ 2P MU GD EB TW NK
JV IB HR UG PQ 2X FO SC DM NZ EW AY TL 1K
EC AZ 1U WR QJ MG 2L ND KF XH TP BV YS IO
KS NG OE YX AI 1H WQ PJ BD CZ RF LU TV M2
I2 VQ EU DY WF RO SM TK CH JA 1N LG PZ XB
HF RX 2V W1 PU BO SD AM ZQ NJ KG TC IL YE
ME KW YI HO SV GQ LD RC JU 1B XP NF ZT 2A
XQ RJ US AF WB PH VC IN D1 TM GO KY EL 2Z

Score = 0
Old Score = 0
Bad partnerings
  A B C D E F G H I J K L M N O P Q R S T U V W X Y Z 1 2 
A . 1 1 1 1 1 1 1 1 1 1 1 1 1 1 1 1 1 1 1 1 1 1 1 1 1 1 1
B 1 . 1 1 1 1 1 1 1 1 1 1 1 1 1 1 1 1 1 1 1 1 1 1 1 1 1 1
C 1 1 . 1 1 1 1 1 1 1 1 1 1 1 1 1 1 1 1 1 1 1 1 1 1 1 1 1
D 1 1 1 . 1 1 1 1 1 1 1 1 1 1 1 1 1 1 1 1 1 1 1 1 1 1 1 1
E 1 1 1 1 . 1 1 1 1 1 1 1 1 1 1 1 1 1 1 1 1 1 1 1 1 1 1 1
F 1 1 1 1 1 . 1 1 1 1 1 1 1 1 1 1 1 1 1 1 1 1 1 1 1 1 1 1
G 1 1 1 1 1 1 . 1 1 1 1 1 1 1 1 1 1 1 1 1 1 1 1 1 1 1 1 1
H 1 1 1 1 1 1 1 . 1 1 1 1 1 1 1 1 1 1 1 1 1 1 1 1 1 1 1 1
I 1 1 1 1 1 1 1 1 . 1 1 1 1 1 1 1 1 1 1 1 1 1 1 1 1 1 1 1
J 1 1 1 1 1 1 1 1 1 . 1 1 1 1 1 1 1 1 1 1 1 1 1 1 1 1 1 1
K 1 1 1 1 1 1 1 1 1 1 . 1 1 1 1 1 1 1 1 1 1 1 1 1 1 1 1 1
L 1 1 1 1 1 1 1 1 1 1 1 . 1 1 1 1 1 1 1 1 1 1 1 1 1 1 1 1
M 1 1 1 1 1 1 1 1 1 1 1 1 . 1 1 1 1 1 1 1 1 1 1 1 1 1 1 1
N 1 1 1 1 1 1 1 1 1 1 1 1 1 . 1 1 1 1 1 1 1 1 1 1 1 1 1 1
O 1 1 1 1 1 1 1 1 1 1 1 1 1 1 . 1 1 1 1 1 1 1 1 1 1 1 1 1
P 1 1 1 1 1 1 1 1 1 1 1 1 1 1 1 . 1 1 1 1 1 1 1 1 1 1 1 1
Q 1 1 1 1 1 1 1 1 1 1 1 1 1 1 1 1 . 1 1 1 1 1 1 1 1 1 1 1
R 1 1 1 1 1 1 1 1 1 1 1 1 1 1 1 1 1 . 1 1 1 1 1 1 1 1 1 1
S 1 1 1 1 1 1 1 1 1 1 1 1 1 1 1 1 1 1 . 1 1 1 1 1 1 1 1 1
T 1 1 1 1 1 1 1 1 1 1 1 1 1 1 1 1 1 1 1 . 1 1 1 1 1 1 1 1
U 1 1 1 1 1 1 1 1 1 1 1 1 1 1 1 1 1 1 1 1 . 1 1 1 1 1 1 1
V 1 1 1 1 1 1 1 1 1 1 1 1 1 1 1 1 1 1 1 1 1 . 1 1 1 1 1 1
W 1 1 1 1 1 1 1 1 1 1 1 1 1 1 1 1 1 1 1 1 1 1 . 1 1 1 1 1
X 1 1 1 1 1 1 1 1 1 1 1 1 1 1 1 1 1 1 1 1 1 1 1 . 1 1 1 1
Y 1 1 1 1 1 1 1 1 1 1 1 1 1 1 1 1 1 1 1 1 1 1 1 1 . 1 1 1
Z 1 1 1 1 1 1 1 1 1 1 1 1 1 1 1 1 1 1 1 1 1 1 1 1 1 . 1 1
1 1 1 1 1 1 1 1 1 1 1 1 1 1 1 1 1 1 1 1 1 1 1 1 1 1 1 . 1
2 1 1 1 1 1 1 1 1 1 1 1 1 1 1 1 1 1 1 1 1 1 1 1 1 1 1 1 .
