Total Time = 132 seconds; Search Time = 132 seconds.
Terminated due to Maximum Patience Reached
Best Configuration:

PBDI NJAT KRQC OEHF LSGM
RBJL GOQF ESND KMAP CHTI
EKST AHGR JPCF NLOI DQMB
NHMC POBS AELQ RFDT JGIK
CADO RMEI PLGT HQSJ FNBK
ASIF LKHD MTOJ GBCE NQRP

Score = 98
Old Score = 8
Bad seating
  A B C D E F G H I J K L M N O P Q R S T U V W X
A . 0 1 1 1 1 1 1 1 1 1 1 1 1 1 1 1 1 1 1
B 0 . 1 2 1 1 1 0 1 1 1 1 1 1 1 2 1 1 1 0
C 1 1 . 1 1 1 1 2 1 1 1 0 1 1 1 1 1 1 0 1
D 1 2 1 . 1 1 0 1 1 0 1 1 1 1 1 1 1 1 1 1
E 1 1 1 1 . 1 1 1 1 0 1 1 1 1 1 0 1 1 2 1
F 1 1 1 1 1 . 1 1 1 1 1 0 0 1 2 1 1 1 1 1
G 1 1 1 0 1 1 . 1 1 1 1 2 1 0 1 1 1 1 1 1
H 1 0 2 1 1 1 1 . 1 1 1 1 1 1 1 0 1 1 1 1
I 1 1 1 1 1 1 1 1 . 1 1 1 1 1 1 1 0 1 1 1
J 1 1 1 0 0 1 1 1 1 . 1 1 1 1 1 1 1 1 1 2
K 1 1 1 1 1 1 1 1 1 1 . 1 1 1 0 1 1 1 1 1
L 1 1 0 1 1 0 2 1 1 1 1 . 1 1 1 1 1 1 1 1
M 1 1 1 1 1 0 1 1 1 1 1 1 . 1 1 1 1 1 1 1
N 1 1 1 1 1 1 0 1 1 1 1 1 1 . 1 1 1 1 1 1
O 1 1 1 1 1 2 1 1 1 1 0 1 1 1 . 1 1 0 1 1
P 1 2 1 1 0 1 1 0 1 1 1 1 1 1 1 . 1 1 1 1
Q 1 1 1 1 1 1 1 1 0 1 1 1 1 1 1 1 . 2 1 0
R 1 1 1 1 1 1 1 1 1 1 1 1 1 1 0 1 2 . 0 1
S 1 1 0 1 2 1 1 1 1 1 1 1 1 1 1 1 1 0 . 1
T 1 0 1 1 1 1 1 1 1 2 1 1 1 1 1 1 0 1 1 .
Bad partnerings
  A B C D E F G H I J K L M N O P Q R S T U V W X
A . 0 1 0 1 0 0 1 0 0 0 0 0 0 0 1 0 0 1 1
B 0 . 0 0 0 0 1 0 0 0 1 0 1 0 0 1 0 1 1 0
C 1 0 . 0 1 1 0 1 0 0 0 0 1 0 0 0 1 0 0 0
D 0 0 0 . 0 0 0 1 1 0 0 0 0 1 1 0 1 0 0 1
E 1 0 1 0 . 0 0 0 1 0 1 0 0 0 1 0 0 0 1 0
F 0 0 1 0 0 . 0 1 1 0 0 0 0 1 0 0 1 1 0 0
G 0 1 0 0 0 0 . 0 0 1 0 0 1 0 1 0 0 1 0 1
H 1 0 1 1 0 1 0 . 0 0 0 0 0 1 0 0 1 0 0 0
I 0 0 0 1 1 1 0 0 . 0 1 0 0 0 1 0 0 0 0 1
J 0 0 0 0 0 0 1 0 0 . 0 1 0 1 1 1 0 0 1 0
K 0 1 0 0 1 0 0 0 1 0 . 1 1 0 0 0 0 1 0 0
L 0 0 0 0 0 0 0 0 0 1 1 . 0 1 0 1 1 0 1 0
M 0 1 1 0 0 0 1 0 0 0 1 0 . 0 0 0 0 1 0 1
N 0 0 0 1 0 1 0 1 0 1 0 1 0 . 0 0 1 0 0 0
O 0 0 0 1 1 0 1 0 1 1 0 0 0 0 . 1 0 0 0 0
P 1 1 0 0 0 0 0 0 0 1 0 1 0 0 1 . 0 1 0 0
Q 0 0 1 1 0 1 0 1 0 0 0 1 0 1 0 0 . 0 0 0
R 0 1 0 0 0 1 1 0 0 0 1 0 1 0 0 1 0 . 0 0
S 1 1 0 0 1 0 0 0 0 1 0 1 0 0 0 0 0 0 . 1
T 1 0 0 1 0 0 1 0 1 0 0 0 1 0 0 0 0 0 1 .
Bad tabling
2 2 2 2 1 1 0 1 2 1 1 1 1 1 1 1 0 1 2 1 
2 1 0 1 1 1 2 2 1 1 1 1 1 1 2 1 1 2 1 1 
1 0 2 1 2 1 1 0 0 2 1 2 1 1 1 2 2 1 1 2 
1 1 1 1 2 2 1 2 1 1 1 1 1 1 2 1 1 1 1 1 
0 2 1 1 0 1 2 1 2 1 2 1 2 2 0 1 2 1 1 1 
