KTSE ARJF POGN MBCQ LIHD
IMPK BERO FQSL DJTN CAHG
QEIA FKDC RTLM OHNS GPBJ
FHNQ GIMT ADOB ECLP SRJK
DBFN SPMA IHJE GKRL COTQ
MJDG LHSB INCR KQOA TPFE
CLOJ DPRQ HKBT ISFG MNAE
HCRP JQNL DSGE ITBA OFMK

Score = 406
Old Score = 56
Bad seating
  A B C D E F G H I J K L M N O P Q R S T U V W X
A . 2 1 1 2 1 1 1 2 1 1 0 2 1 2 1 2 1 1 1
B 2 . 1 2 1 1 1 2 1 1 1 1 1 1 2 1 1 1 1 2
C 1 1 . 1 1 1 1 2 1 1 1 2 1 1 2 2 2 2 0 1
D 1 2 1 . 1 2 2 1 1 2 1 1 1 2 1 1 1 1 1 1
E 2 1 1 1 . 1 1 1 2 1 1 1 1 1 1 2 1 1 2 2
F 1 1 1 2 1 . 1 1 1 1 2 1 1 2 1 1 2 1 2 1
G 1 1 1 2 1 1 . 1 2 2 1 1 2 1 1 2 0 1 2 1
H 1 2 2 1 1 1 1 . 2 1 1 2 0 2 1 1 1 1 2 1
I 2 1 1 1 2 1 2 2 . 1 1 1 2 1 0 1 1 1 1 2
J 1 1 1 2 1 1 2 1 1 . 1 2 1 2 1 1 1 2 1 1
K 1 1 1 1 1 2 1 1 1 1 . 1 2 0 2 1 1 2 2 2
L 0 1 2 1 1 1 1 2 1 2 1 . 1 1 1 1 2 2 2 1
M 2 1 1 1 1 1 2 0 2 1 2 1 . 1 1 2 1 1 1 2
N 1 1 1 2 1 2 1 2 1 2 0 1 1 . 2 1 2 1 1 1
O 2 2 2 1 1 1 1 1 0 1 2 1 1 2 . 1 2 1 1 1
P 1 1 2 1 2 1 2 1 1 1 1 1 2 1 1 . 1 2 1 1
Q 2 1 2 1 1 2 0 1 1 1 1 2 1 2 2 1 . 1 1 1
R 1 1 2 1 1 1 1 1 1 2 2 2 1 1 1 2 1 . 1 1
S 1 1 0 1 2 2 2 2 1 1 2 2 1 1 1 1 1 1 . 1
T 1 2 1 1 2 1 1 1 2 1 2 1 2 1 1 1 1 1 1 .
Bad partnerings
  A B C D E F G H I J K L M N O P Q R S T U V W X
A . 1 1 1 1 0 0 0 1 0 0 0 1 0 1 0 0 1 0 0
B 1 . 0 1 1 0 0 0 0 1 0 0 1 0 1 0 0 0 1 1
C 1 0 . 1 1 0 0 1 0 0 0 1 0 0 1 0 1 1 0 0
D 1 1 1 . 0 0 1 1 0 1 0 0 0 0 0 1 0 0 1 0
E 1 1 1 0 . 1 1 0 0 1 0 0 0 0 0 0 1 0 1 0
F 0 0 0 0 1 . 1 1 0 1 1 0 0 1 1 0 1 0 0 0
G 0 0 0 1 1 1 . 1 1 0 1 0 0 1 0 1 0 0 0 0
H 0 0 1 1 0 1 1 . 1 0 1 1 0 0 1 0 0 0 0 0
I 1 0 0 0 0 0 1 1 . 0 0 1 1 1 0 0 0 0 1 1
J 0 1 0 1 1 1 0 0 0 . 1 0 1 0 1 0 1 0 0 0
K 0 0 0 0 0 1 1 1 0 1 . 0 1 0 0 1 1 0 0 1
L 0 0 1 0 0 0 0 1 1 0 0 . 1 1 0 1 0 1 1 0
M 1 1 0 0 0 0 0 0 1 1 1 1 . 1 0 0 0 0 0 1
N 0 0 0 0 0 1 1 0 1 0 0 1 1 . 0 0 1 0 1 1
O 1 1 1 0 0 1 0 1 0 1 0 0 0 0 . 1 0 1 0 0
P 0 0 0 1 0 0 1 0 0 0 1 1 0 0 1 . 0 1 1 1
Q 0 0 1 0 1 1 0 0 0 1 1 0 0 1 0 0 . 1 0 1
R 1 0 1 0 0 0 0 0 0 0 0 1 0 0 1 1 1 . 1 1
S 0 1 0 1 1 0 0 0 1 0 0 1 0 1 0 1 0 1 . 0
T 0 1 0 0 0 0 0 0 1 0 1 0 1 1 0 1 1 1 0 .
Bad tabling
1 1 2 2 2 2 1 2 2 2 2 1 2 2 1 2 2 1 1 1 
2 2 1 2 1 2 1 1 1 2 1 2 2 1 1 2 2 3 2 1 
1 2 1 2 2 1 2 2 2 1 1 2 1 2 2 1 1 2 2 2 
2 2 2 1 1 1 2 1 2 1 2 2 1 2 2 1 2 1 2 2 
2 1 2 1 2 2 2 2 1 2 2 1 2 1 2 2 1 1 1 2 
