Population = 100	MaxIter = 1000000
TermCount = 500000	MaxSwap = 10
Opt = 0
Iteration Best Cnt  Score   Mutates   Cross-Ovr Inserts
        0         1 274, 34         0         1         1 365   1
    10000       670 137, 13      3859     10000      1365 137   1
    20000     10670 137, 13      6314     10000       166 138   1
    30000      7064 136, 14      5447     10000        80 136   1
    40000     17064 136, 14      4887     10000        65 136   2
    50000      9467 132, 14      4621     10000        54 132   2
    60000       987 130, 14      4450     10000        58 130   1
    70000     10987 130, 14      4669     10000        24 133   1
    80000     20987 130, 14      4406     10000        28 132   1
    90000     30987 130, 14      4492     10000        12 135   1
   100000     40987 130, 14      3941     10000        30 131   1
   110000     50987 130, 14      3752     10000         3 135   1
   120000      4726 122, 12      3891     10000        46 122   1
   130000      8275 118, 10      4696     10000        25 118   2
   140000      3686 112,  8      5029     10000        45 112   1
   150000        38 102,  6      5964     10000        69 102   1
   160000      8243  80,  0      6305     10000       206  80   1
   170000     18243  80,  0      5172     10000        55 102   2
   180000     28243  80,  0      5089     10000        11 102   2
   190000     38243  80,  0      4993     10000        19 102   2
   200000     48243  80,  0      5048     10000        12 102   1
   210000     58243  80,  0      4858     10000        11 102   3
   220000     68243  80,  0      4977     10000         2 104   2
   230000     78243  80,  0      4909     10000         8 102   2
   240000     88243  80,  0      5089     10000         1 104   1
   250000     98243  80,  0      5089     10000         1 104   2
   260000    108243  80,  0      5064     10000         5 102   1
   270000    118243  80,  0      4920     10000         0 999   0
   280000    128243  80,  0      4920     10000         1 102   2
   290000    138243  80,  0      4952     10000         1 102   1
   300000    148243  80,  0      4956     10000         0 999   0
   310000    158243  80,  0      4995     10000         2 102   2
   320000    168243  80,  0      4897     10000         0 999   0
   330000    178243  80,  0      4923     10000         0 999   0
   340000    188243  80,  0      4811     10000         1 102   2
   350000    198243  80,  0      4781     10000         0 999   0
   360000    208243  80,  0      4958     10000         1 102   2
   370000    218243  80,  0      4686     10000         0 999   0
   380000    228243  80,  0      4913     10000         4 102   2
   390000    238243  80,  0      4868     10000         1 102   2
   400000    248243  80,  0      4917     10000        24  80   2
   410000    258243  80,  0      4833     10000         6  80   1
   420000    268243  80,  0      4851     10000         4 102   1
   430000    278243  80,  0      4819     10000         2 102   2
   440000    288243  80,  0      4758     10000         0 999   0
   450000    298243  80,  0      4751     10000         1 102   2
   460000    308243  80,  0      4806     10000         1 102   2
   470000    318243  80,  0      4762     10000         0 999   0
   480000    328243  80,  0      4892     10000         2 102   2
   490000    338243  80,  0      4891     10000         6 102   2
   500000    348243  80,  0      5034     10000         3 102   1
   510000    358243  80,  0      4956     10000         0 999   0
   520000    368243  80,  0      4972     10000         0 999   0
   530000    378243  80,  0      5001     10000         0 999   0
   540000    388243  80,  0      5073     10000         0 999   0
   550000    398243  80,  0      4940     10000         0 999   0
   560000    408243  80,  0      4964     10000         0 999   0
   570000    418243  80,  0      4955     10000         0 999   0
   580000    428243  80,  0      5047     10000         0 999   0
   590000    438243  80,  0      5011     10000         0 999   0
   600000    448243  80,  0      4943     10000         0 999   0
   610000    458243  80,  0      5013     10000         0 999   0
   620000    468243  80,  0      4932     10000         0 999   0
   630000    478243  80,  0      4878     10000         0 999   0
   640000    488243  80,  0      4990     10000         0 999   0
   650000    498243  80,  0      4974     10000         0 999   0

   651758    500001  80,  0       903      1757         0  *


Total Time = 97 seconds; Search Time = 96 seconds.
Terminated due to Maximum Patience Reached
Best Configuration:
NOEH CJGD MFLP KBIA
AFJE DLOI KPHC BMNG
EKGL MAHD NIPJ COBF
FGIH BPED KMOJ NACL
HLBJ POGA NFKD MEIC

Score = 80
Old Score = 0
Bad seating
  A B C D E F G H I J K L M N O P Q R S T U V W X
A . 1 1 1 1 1 1 1 1 1 1 1 1 1 1 1
B 1 . 1 1 1 1 1 1 1 1 1 1 1 1 1 1
C 1 1 . 1 1 1 1 1 1 1 1 1 1 1 1 1
D 1 1 1 . 1 1 1 1 1 1 1 1 1 1 1 1
E 1 1 1 1 . 1 1 1 1 1 1 1 1 1 1 1
F 1 1 1 1 1 . 1 1 1 1 1 1 1 1 1 1
G 1 1 1 1 1 1 . 1 1 1 1 1 1 1 1 1
H 1 1 1 1 1 1 1 . 1 1 1 1 1 1 1 1
I 1 1 1 1 1 1 1 1 . 1 1 1 1 1 1 1
J 1 1 1 1 1 1 1 1 1 . 1 1 1 1 1 1
K 1 1 1 1 1 1 1 1 1 1 . 1 1 1 1 1
L 1 1 1 1 1 1 1 1 1 1 1 . 1 1 1 1
M 1 1 1 1 1 1 1 1 1 1 1 1 . 1 1 1
N 1 1 1 1 1 1 1 1 1 1 1 1 1 . 1 1
O 1 1 1 1 1 1 1 1 1 1 1 1 1 1 . 1
P 1 1 1 1 1 1 1 1 1 1 1 1 1 1 1 .
Bad partnerings
  A B C D E F G H I J K L M N O P Q R S T U V W X
A . 0 0 0 0 1 1 0 1 0 0 0 1 1 0 0
B 0 . 0 0 0 1 0 0 0 1 1 0 1 0 0 1
C 0 0 . 0 0 0 0 1 1 1 0 1 0 0 1 0
D 0 0 0 . 1 0 1 1 0 0 1 1 0 0 0 0
E 0 0 0 1 . 0 0 1 0 1 1 0 1 0 0 0
F 1 1 0 0 0 . 1 0 0 0 0 0 1 1 0 0
G 1 0 0 1 0 1 . 0 0 0 0 1 0 1 0 0
H 0 0 1 1 1 0 0 . 1 0 0 1 0 0 0 0
I 1 0 1 0 0 0 0 1 . 0 0 0 0 1 1 0
J 0 1 1 0 1 0 0 0 0 . 0 0 0 0 1 1
K 0 1 0 1 1 0 0 0 0 0 . 0 1 0 0 1
L 0 0 1 1 0 0 1 1 0 0 0 . 0 0 0 1
M 1 1 0 0 1 1 0 0 0 0 1 0 . 0 0 0
N 1 0 0 0 0 1 1 0 1 0 0 0 0 . 1 0
O 0 0 1 0 0 0 0 0 1 1 0 0 0 1 . 1
P 0 1 0 0 0 0 0 0 0 1 1 1 0 0 1 .
Bad tabling
1 1 0 0 3 2 2 3 1 2 1 2 0 1 1 0 
2 1 1 4 1 0 2 1 1 1 0 1 1 0 2 2 
0 0 1 1 0 2 0 1 1 2 3 1 2 2 1 3 
2 3 3 0 1 1 1 0 2 0 1 1 2 2 1 0 
