Population = 100	MaxIter = 100000000
TermCount = 1000000	MaxSwap = 10
Opt = 0
Iteration Best Cnt  Score   Mutates   Cross-Ovr Inserts
        0         1  48,  0         0         1         1 217   1
    10000     10001  48,  0      4060     10000       779  64   2
    20000     20001  48,  0      3857     10000        62  64   1
    30000     30001  48,  0      3484     10000        14  64   2
    40000     40001  48,  0      3408     10000        44  48   1
    50000     50001  48,  0      4187     10000        24  64   1
    60000     60001  48,  0      4610     10000        20  48   1
    70000     70001  48,  0      5103     10000        48  60   1
    80000     80001  48,  0      5071     10000        23  48   1
    90000     90001  48,  0      4793     10000         8  60   1
   100000    100001  48,  0      4536     10000         6  62   2
   110000    110001  48,  0      4385     10000         3  64   2
   120000    120001  48,  0      4333     10000         3  64   1
   130000    130001  48,  0      4366     10000         4  64   2
   140000    140001  48,  0      4199     10000         9  62   1
   150000    150001  48,  0      3874     10000         2  64   2
   160000    160001  48,  0      3925     10000         0 999   0
   170000    170001  48,  0      3776     10000         4  62   2
   180000    180001  48,  0      3774     10000         7  62   2
   190000    190001  48,  0      3822     10000         0 999   0
   200000    200001  48,  0      3782     10000         0 999   0
   210000    210001  48,  0      3800     10000         1  62   3
   220000    220001  48,  0      3768     10000         0 999   0
   230000    230001  48,  0      3749     10000         1  62   2
   240000    240001  48,  0      3774     10000         0 999   0
   250000    250001  48,  0      3768     10000         1  62   3
   260000    260001  48,  0      3671     10000         0 999   0
   270000    270001  48,  0      3742     10000         2  60   2
   280000    280001  48,  0      3682     10000         2  60   2
   290000    290001  48,  0      3748     10000         1  62   1
   300000    300001  48,  0      3740     10000         0 999   0
   310000    310001  48,  0      3653     10000         1  56   3
   320000    320001  48,  0      3681     10000         0 999   0
   330000    330001  48,  0      3694     10000         2  62   2
   340000    340001  48,  0      3545     10000         1  60   1
   350000    350001  48,  0      3572     10000         0 999   0
   360000    360001  48,  0      3623     10000         0 999   0
   370000    370001  48,  0      3653     10000         2  60   1
   380000    380001  48,  0      3650     10000         2  56   2
   390000    390001  48,  0      3516     10000         2  60   1
   400000    400001  48,  0      3495     10000         2  56   2
   410000    410001  48,  0      3493     10000         0 999   0
   420000    420001  48,  0      3519     10000         1  60   2
   430000    430001  48,  0      3380     10000         1  62   1
   440000    440001  48,  0      3419     10000         0 999   0
   450000    450001  48,  0      3423     10000         0 999   0
   460000    460001  48,  0      3475     10000         0 999   0
   470000    470001  48,  0      3403     10000         0 999   0
   480000    480001  48,  0      3374     10000         0 999   0
   490000    490001  48,  0      3481     10000         0 999   0
   500000    500001  48,  0      3494     10000         0 999   0
   510000    510001  48,  0      3407     10000         0 999   0
   520000    520001  48,  0      3469     10000         0 999   0
   530000    530001  48,  0      3478     10000         0 999   0
   540000    540001  48,  0      3252     10000         2  60   2
   550000    550001  48,  0      3421     10000         1  62   2
   560000    560001  48,  0      3288     10000         1  62   2
   570000    570001  48,  0      3352     10000         1  62   2
   580000    580001  48,  0      3249     10000         1  56   2
   590000    590001  48,  0      3247     10000         4  62   1
   600000    600001  48,  0      3153     10000         0 999   0
   610000    610001  48,  0      3251     10000         0 999   0
   620000    620001  48,  0      3276     10000         0 999   0
   630000    630001  48,  0      3218     10000         0 999   0
   640000    640001  48,  0      3228     10000         1  62   2
   650000    650001  48,  0      3100     10000         0 999   0
   660000    660001  48,  0      3192     10000         0 999   0
   670000    670001  48,  0      3108     10000         0 999   0
   680000    680001  48,  0      3165     10000         1  56   2
   690000    690001  48,  0      3187     10000         0 999   0
   700000    700001  48,  0      3144     10000         0 999   0
   710000    710001  48,  0      3122     10000         0 999   0
   720000    720001  48,  0      3197     10000         0 999   0
   730000    730001  48,  0      3195     10000         0 999   0
   740000    740001  48,  0      3113     10000         0 999   0
   750000    750001  48,  0      3228     10000         1  60   2
   760000    760001  48,  0      3205     10000         1  62   2
   770000    770001  48,  0      3195     10000         0 999   0
   780000    780001  48,  0      3222     10000         0 999   0
   790000    790001  48,  0      3078     10000         1  56   2
   800000    800001  48,  0      3221     10000         0 999   0
   810000    810001  48,  0      3108     10000         0 999   0
   820000    820001  48,  0      3108     10000         0 999   0
   830000    830001  48,  0      3037     10000         1  62   2
   840000    840001  48,  0      3141     10000         1  62   2
   850000    850001  48,  0      3113     10000         0 999   0
   860000    860001  48,  0      3107     10000         0 999   0
   870000    870001  48,  0      3132     10000         1  62   2
   880000    880001  48,  0      3114     10000         1  62   2
   890000    890001  48,  0      3061     10000         0 999   0
   900000    900001  48,  0      3114     10000         1  62   1
   910000    910001  48,  0      3049     10000         1  60   1
   920000    920001  48,  0      3082     10000         1  62   2
   930000    930001  48,  0      3028     10000         0 999   0
   940000    940001  48,  0      2971     10000         1  56   1
   950000    950001  48,  0      3103     10000         1  62   2
   960000    960001  48,  0      3032     10000         0 999   0
   970000    970001  48,  0      3042     10000         1  62   1
   980000    980001  48,  0      3051     10000         0 999   0
   990000    990001  48,  0      3015     10000         0 999   0

  1000000   1000001  48,  0      2904      9999         1  *


Total Time = 89 seconds; Search Time = 89 seconds.
Terminated due to Maximum Patience Reached
Best Configuration:
KNHP GEOB CIJM DFLA
JDNG CABH IFOK LEMP
BJLK MDOH GFPC IEAN
LHGI KCDE AJPO BMNF

Score = 48
Old Score = 0
Bad seating
  A B C D E F G H I J K L M N O P Q R S T U V W X
A . 1 1 1 1 1 0 1 1 1 0 1 0 1 1 1
B 1 . 1 0 1 1 1 1 0 1 1 1 1 1 1 0
C 1 1 . 1 1 1 1 1 1 1 1 0 1 0 0 1
D 1 0 1 . 1 1 1 1 0 1 1 1 1 1 1 0
E 1 1 1 1 . 0 1 0 1 0 1 1 1 1 1 1
F 1 1 1 1 0 . 1 0 1 0 1 1 1 1 1 1
G 0 1 1 1 1 1 . 1 1 1 0 1 0 1 1 1
H 1 1 1 1 0 0 1 . 1 0 1 1 1 1 1 1
I 1 0 1 0 1 1 1 1 . 1 1 1 1 1 1 0
J 1 1 1 1 0 0 1 0 1 . 1 1 1 1 1 1
K 0 1 1 1 1 1 0 1 1 1 . 1 0 1 1 1
L 1 1 0 1 1 1 1 1 1 1 1 . 1 0 0 1
M 0 1 1 1 1 1 0 1 1 1 0 1 . 1 1 1
N 1 1 0 1 1 1 1 1 1 1 1 0 1 . 0 1
O 1 1 0 1 1 1 1 1 1 1 1 0 1 0 . 1
P 1 0 1 0 1 1 1 1 0 1 1 1 1 1 1 .
Bad partnerings
  A B C D E F G H I J K L M N O P Q R S T U V W X
A . 0 1 0 0 0 0 0 0 1 0 1 0 1 0 0
B 0 . 0 0 0 0 0 1 0 1 0 0 1 0 1 0
C 1 0 . 0 0 0 0 0 1 0 1 0 0 0 0 1
D 0 0 0 . 1 1 0 0 0 1 0 0 1 0 0 0
E 0 0 0 1 . 0 1 0 1 0 0 1 0 0 0 0
F 0 0 0 1 0 . 1 0 1 0 0 0 0 1 0 0
G 0 0 0 0 1 1 . 0 1 0 0 0 0 1 0 0
H 0 1 0 0 0 0 0 . 0 0 0 1 0 0 1 1
I 0 0 1 0 1 1 1 0 . 0 0 0 0 0 0 0
J 1 1 0 1 0 0 0 0 0 . 0 0 1 0 0 0
K 0 0 1 0 0 0 0 0 0 0 . 1 0 1 1 0
L 1 0 0 0 1 0 0 1 0 0 1 . 0 0 0 0
M 0 1 0 1 0 0 0 0 0 1 0 0 . 0 0 1
N 1 0 0 0 0 1 1 0 0 0 1 0 0 . 0 0
O 0 1 0 0 0 0 0 1 0 0 1 0 0 0 . 1
P 0 0 1 0 0 0 0 1 0 0 0 0 1 0 1 .
Bad tabling
0 1 0 1 0 0 2 2 1 2 2 2 0 2 0 1 
1 2 2 2 2 0 1 2 0 0 1 0 1 0 2 0 
1 0 2 0 0 2 1 0 2 2 1 0 1 0 2 2 
2 1 0 1 2 2 0 0 1 0 0 2 2 2 0 1 
Population = 100	MaxIter = 100000000
TermCount = 10000000	MaxSwap = 10
Opt = 0
Iteration Best Cnt  Score   Mutates   Cross-Ovr Inserts
        0         1  48,  0         0         1         1 220   1
    10000     10001  48,  0      6023     10000       745  64   1
    20000     20001  48,  0      5471     10000        44  64   1
    30000     30001  48,  0      5000     10000        26  64   2
    40000     40001  48,  0      4705     10000         9  70   2
    50000     50001  48,  0      4365     10000        14  62   1
    60000     60001  48,  0      3978     10000         9  70   1
    70000     70001  48,  0      3430     10000        37  62   1
    80000     80001  48,  0      2965     10000        19  48   1
    90000     90001  48,  0      3000     10000        14  60   1
   100000    100001  48,  0      3381     10000        25  62   1
   110000    110001  48,  0      3674     10000        19  60   1
   120000    120001  48,  0      3852     10000        19  62   2
   130000    130001  48,  0      4281     10000        21  62   1
   140000    140001  48,  0      4730     10000        25  60   1
   150000    150001  48,  0      4355     10000        13  48   1
   160000    160001  48,  0      4168     10000         6  60   1
   170000    170001  48,  0      3970     10000         9  64   2
   180000    180001  48,  0      3836     10000        10  48   1
   190000    190001  48,  0      3643     10000         8  62   2
   200000    200001  48,  0      3577     10000         4  62   2
   210000    210001  48,  0      3375     10000         9  60   1
   220000    220001  48,  0      3234     10000         0 999   0
   230000    230001  48,  0      3238     10000         0 999   0
   240000    240001  48,  0      3244     10000         1  62   2
   250000    250001  48,  0      3191     10000         1  62   1
   260000    260001  48,  0      3257     10000         2  60   1
   270000    270001  48,  0      3191     10000         1  62   2
   280000    280001  48,  0      3191     10000         1  62   2
   290000    290001  48,  0      3109     10000         1  60   1
   300000    300001  48,  0      3126     10000         0 999   0
   310000    310001  48,  0      3189     10000         0 999   0
   320000    320001  48,  0      3254     10000         1  62   1
   330000    330001  48,  0      3090     10000         0 999   0
   340000    340001  48,  0      3117     10000         0 999   0
   350000    350001  48,  0      3052     10000         0 999   0
   360000    360001  48,  0      3052     10000         1  62   2
   370000    370001  48,  0      2967     10000         0 999   0
   380000    380001  48,  0      2980     10000         0 999   0
   390000    390001  48,  0      3118     10000         0 999   0
   400000    400001  48,  0      3094     10000         0 999   0
   410000    410001  48,  0      3135     10000         0 999   0
   420000    420001  48,  0      3104     10000         0 999   0
   430000    430001  48,  0      3122     10000         0 999   0
   440000    440001  48,  0      3016     10000         0 999   0
   450000    450001  48,  0      2939     10000         4  48   3
   460000    460001  48,  0      3000     10000         2  62   2
   470000    470001  48,  0      3001     10000         0 999   0
   480000    480001  48,  0      2932     10000         1  62   2
   490000    490001  48,  0      2991     10000         0 999   0
   500000    500001  48,  0      2894     10000         0 999   0
   510000    510001  48,  0      2977     10000         0 999   0
   520000    520001  48,  0      3008     10000         0 999   0
   530000    530001  48,  0      3005     10000         0 999   0
   540000    540001  48,  0      2880     10000         0 999   0
   550000    550001  48,  0      2964     10000         1  60   1
   560000    560001  48,  0      2907     10000         2  60   2
   570000    570001  48,  0      2939     10000         0 999   0
   580000    580001  48,  0      2913     10000         0 999   0
   590000    590001  48,  0      2899     10000         0 999   0
   600000    600001  48,  0      2872     10000         0 999   0
   610000    610001  48,  0      2897     10000         1  62   2
   620000    620001  48,  0      2781     10000         1  60   1
   630000    630001  48,  0      2824     10000         0 999   0
   640000    640001  48,  0      2839     10000         3  60   2
   650000    650001  48,  0      2858     10000         1  48   2
   660000    660001  48,  0      2683     10000         0 999   0
   670000    670001  48,  0      2767     10000         2  60   2
   680000    680001  48,  0      2823     10000         0 999   0
   690000    690001  48,  0      2774     10000         2  62   1
   700000    700001  48,  0      2782     10000         0 999   0
   710000    710001  48,  0      2819     10000         2  56   2
   720000    720001  48,  0      2819     10000         0 999   0
   730000    730001  48,  0      2683     10000         0 999   0
   740000    740001  48,  0      2654     10000         1  62   1
   750000    750001  48,  0      2760     10000         0 999   0
   760000    760001  48,  0      2630     10000         0 999   0
   770000    770001  48,  0      2794     10000         0 999   0
   780000    780001  48,  0      2700     10000         0 999   0
   790000    790001  48,  0      2699     10000         0 999   0
   800000    800001  48,  0      2695     10000         0 999   0
   810000    810001  48,  0      2773     10000         0 999   0
   820000    820001  48,  0      2665     10000         1  62   2
   830000    830001  48,  0      2735     10000         1  60   1
   840000    840001  48,  0      2677     10000         0 999   0
   850000    850001  48,  0      2699     10000         1  62   2
   860000    860001  48,  0      2674     10000         0 999   0
   870000    870001  48,  0      2663     10000         0 999   0
   880000    880001  48,  0      2639     10000         0 999   0
   890000    890001  48,  0      2639     10000         0 999   0
   900000    900001  48,  0      2620     10000         0 999   0
   910000    910001  48,  0      2618     10000         0 999   0
   920000    920001  48,  0      2725     10000         0 999   0
   930000    930001  48,  0      2523     10000         0 999   0
   940000    940001  48,  0      2620     10000         0 999   0
   950000    950001  48,  0      2656     10000         3  60   2
   960000    960001  48,  0      2641     10000         0 999   0
   970000    970001  48,  0      2592     10000         0 999   0
   980000    980001  48,  0      2579     10000         1  62   2
   990000    990001  48,  0      2634     10000         1  62   1
  1000000   1000001  48,  0      2533     10000         0 999   0
  1010000   1010001  48,  0      2547     10000         1  60   1
  1020000   1020001  48,  0      2509     10000         0 999   0
  1030000   1030001  48,  0      2551     10000         0 999   0
  1040000   1040001  48,  0      2537     10000         0 999   0
  1050000   1050001  48,  0      2594     10000         1  62   2
  1060000   1060001  48,  0      2572     10000         0 999   0
  1070000   1070001  48,  0      2529     10000         1  62   2
  1080000   1080001  48,  0      2564     10000         0 999   0
  1090000   1090001  48,  0      2474     10000         2  60   1
  1100000   1100001  48,  0      2529     10000         0 999   0
  1110000   1110001  48,  0      2562     10000         0 999   0
  1120000   1120001  48,  0      2468     10000         0 999   0
  1130000   1130001  48,  0      2513     10000         1  62   2
  1140000   1140001  48,  0      2523     10000         0 999   0
  1150000   1150001  48,  0      2475     10000         1  56   2
  1160000   1160001  48,  0      2585     10000         0 999   0
  1170000   1170001  48,  0      2438     10000         0 999   0
  1180000   1180001  48,  0      2480     10000         0 999   0
  1190000   1190001  48,  0      2435     10000         0 999   0
  1200000   1200001  48,  0      2570     10000         0 999   0
  1210000   1210001  48,  0      2434     10000         0 999   0
  1220000   1220001  48,  0      2367     10000         1  62   2
  1230000   1230001  48,  0      2447     10000         1  62   2
  1240000   1240001  48,  0      2351     10000         1  62   1
  1250000   1250001  48,  0      2410     10000         0 999   0
  1260000   1260001  48,  0      2261     10000         0 999   0
  1270000   1270001  48,  0      2369     10000         0 999   0
  1280000   1280001  48,  0      2256     10000         1  62   2
  1290000   1290001  48,  0      2331     10000         2  60   1
  1300000   1300001  48,  0      2283     10000         0 999   0
  1310000   1310001  48,  0      2341     10000         1  56   2
  1320000   1320001  48,  0      2318     10000         3  56   2
  1330000   1330001  48,  0      2185     10000         6  60   2
  1340000   1340001  48,  0      2232     10000         3  56   2
  1350000   1350001  48,  0      2298     10000         3  56   1
  1360000   1360001  48,  0      2275     10000         0 999   0
  1370000   1370001  48,  0      2188     10000         0 999   0
  1380000   1380001  48,  0      2224     10000         0 999   0
  1390000   1390001  48,  0      2306     10000         0 999   0
  1400000   1400001  48,  0      2316     10000         0 999   0
  1410000   1410001  48,  0      2275     10000         0 999   0
  1420000   1420001  48,  0      2272     10000         0 999   0
  1430000   1430001  48,  0      2236     10000         0 999   0
  1440000   1440001  48,  0      2287     10000         0 999   0
  1450000   1450001  48,  0      2293     10000         0 999   0
  1460000   1460001  48,  0      2296     10000         0 999   0
  1470000   1470001  48,  0      2230     10000         0 999   0
  1480000   1480001  48,  0      2287     10000         0 999   0
  1490000   1490001  48,  0      2255     10000         0 999   0
  1500000   1500001  48,  0      2255     10000         0 999   0
  1510000   1510001  48,  0      2259     10000         0 999   0
  1520000   1520001  48,  0      2248     10000         0 999   0
  1530000   1530001  48,  0      2250     10000         0 999   0
  1540000   1540001  48,  0      2203     10000         0 999   0
  1550000   1550001  48,  0      2312     10000         1  56   2
  1560000   1560001  48,  0      2318     10000         0 999   0
  1570000   1570001  48,  0      2256     10000         0 999   0
  1580000   1580001  48,  0      2194     10000         0 999   0
  1590000   1590001  48,  0      2187     10000         0 999   0
  1600000   1600001  48,  0      2240     10000         0 999   0
  1610000   1610001  48,  0      2312     10000         0 999   0
  1620000   1620001  48,  0      2337     10000         0 999   0
  1630000   1630001  48,  0      2267     10000         0 999   0
  1640000   1640001  48,  0      2248     10000         0 999   0
  1650000   1650001  48,  0      2252     10000         0 999   0
  1660000   1660001  48,  0      2231     10000         0 999   0
  1670000   1670001  48,  0      2183     10000         0 999   0
  1680000   1680001  48,  0      2266     10000         0 999   0
  1690000   1690001  48,  0      2243     10000         0 999   0
  1700000   1700001  48,  0      2221     10000         0 999   0
  1710000   1710001  48,  0      2343     10000         0 999   0
  1720000   1720001  48,  0      2222     10000         0 999   0
  1730000   1730001  48,  0      2289     10000         0 999   0
  1740000   1740001  48,  0      2274     10000         0 999   0
  1750000   1750001  48,  0      2271     10000         0 999   0
  1760000   1760001  48,  0      2220     10000         0 999   0
  1770000   1770001  48,  0      2254     10000         0 999   0
  1780000   1780001  48,  0      2297     10000         0 999   0
  1790000   1790001  48,  0      2241     10000         0 999   0
  1800000   1800001  48,  0      2264     10000         0 999   0
  1810000   1810001  48,  0      2288     10000         0 999   0
  1820000   1820001  48,  0      2178     10000         0 999   0
  1830000   1830001  48,  0      2281     10000         0 999   0
  1840000   1840001  48,  0      2152     10000         0 999   0
  1850000   1850001  48,  0      2257     10000         0 999   0
  1860000   1860001  48,  0      2348     10000         0 999   0
  1870000   1870001  48,  0      2254     10000         0 999   0
  1880000   1880001  48,  0      2221     10000         0 999   0
  1890000   1890001  48,  0      2376     10000         0 999   0
  1900000   1900001  48,  0      2261     10000         0 999   0
  1910000   1910001  48,  0      2241     10000         0 999   0
  1920000   1920001  48,  0      2320     10000         0 999   0
  1930000   1930001  48,  0      2269     10000         0 999   0
  1940000   1940001  48,  0      2348     10000         0 999   0
  1950000   1950001  48,  0      2302     10000         0 999   0
  1960000   1960001  48,  0      2237     10000         0 999   0
  1970000   1970001  48,  0      2238     10000         0 999   0
  1980000   1980001  48,  0      2279     10000         0 999   0
  1990000   1990001  48,  0      2220     10000         0 999   0
  2000000   2000001  48,  0      2238     10000         0 999   0
  2010000   2010001  48,  0      2220     10000         0 999   0
  2020000   2020001  48,  0      2196     10000         0 999   0
  2030000   2030001  48,  0      2244     10000         0 999   0
  2040000   2040001  48,  0      2293     10000         0 999   0
  2050000   2050001  48,  0      2195     10000         0 999   0
  2060000   2060001  48,  0      2264     10000         0 999   0
  2070000   2070001  48,  0      2274     10000         1  56   2
  2080000   2080001  48,  0      2143     10000         0 999   0
  2090000   2090001  48,  0      2211     10000         0 999   0
  2100000   2100001  48,  0      2220     10000         0 999   0
  2110000   2110001  48,  0      2225     10000         0 999   0
  2120000   2120001  48,  0      2231     10000         0 999   0
  2130000   2130001  48,  0      2235     10000         0 999   0
  2140000   2140001  48,  0      2212     10000         0 999   0
  2150000   2150001  48,  0      2255     10000         0 999   0
  2160000   2160001  48,  0      2245     10000         0 999   0
  2170000   2170001  48,  0      2301     10000         0 999   0
  2180000   2180001  48,  0      2169     10000         0 999   0
  2190000   2190001  48,  0      2216     10000         0 999   0
  2200000   2200001  48,  0      2273     10000         0 999   0
  2210000   2210001  48,  0      2302     10000         0 999   0
  2220000   2220001  48,  0      2255     10000         0 999   0
  2230000   2230001  48,  0      2337     10000         0 999   0
  2240000   2240001  48,  0      2303     10000         0 999   0
  2250000   2250001  48,  0      2258     10000         0 999   0
  2260000   2260001  48,  0      2174     10000         0 999   0
  2270000   2270001  48,  0      2226     10000         0 999   0
  2280000   2280001  48,  0      2176     10000         0 999   0
  2290000   2290001  48,  0      2299     10000         0 999   0
  2300000   2300001  48,  0      2288     10000         0 999   0
  2310000   2310001  48,  0      2247     10000         0 999   0
  2320000   2320001  48,  0      2143     10000         0 999   0
  2330000   2330001  48,  0      2348     10000         0 999   0
  2340000   2340001  48,  0      2274     10000         0 999   0
  2350000   2350001  48,  0      2241     10000         0 999   0
  2360000   2360001  48,  0      2238     10000         0 999   0
  2370000   2370001  48,  0      2215     10000         0 999   0
  2380000   2380001  48,  0      2233     10000         0 999   0
  2390000   2390001  48,  0      2223     10000         0 999   0
  2400000   2400001  48,  0      2224     10000         0 999   0
  2410000   2410001  48,  0      2182     10000         0 999   0
  2420000   2420001  48,  0      2231     10000         0 999   0
  2430000   2430001  48,  0      2201     10000         0 999   0
  2440000   2440001  48,  0      2193     10000         0 999   0
  2450000   2450001  48,  0      2342     10000         0 999   0
  2460000   2460001  48,  0      2240     10000         0 999   0
  2470000   2470001  48,  0      2300     10000         0 999   0
  2480000   2480001  48,  0      2227     10000         0 999   0
  2490000   2490001  48,  0      2234     10000         0 999   0
  2500000   2500001  48,  0      2334     10000         0 999   0
  2510000   2510001  48,  0      2207     10000         0 999   0
  2520000   2520001  48,  0      2286     10000         0 999   0
  2530000   2530001  48,  0      2276     10000         0 999   0
  2540000   2540001  48,  0      2203     10000         0 999   0
  2550000   2550001  48,  0      2329     10000         0 999   0
  2560000   2560001  48,  0      2294     10000         0 999   0
  2570000   2570001  48,  0      2208     10000         0 999   0
  2580000   2580001  48,  0      2272     10000         0 999   0
  2590000   2590001  48,  0      2128     10000         0 999   0
  2600000   2600001  48,  0      2266     10000         0 999   0
  2610000   2610001  48,  0      2275     10000         0 999   0
  2620000   2620001  48,  0      2230     10000         0 999   0
  2630000   2630001  48,  0      2287     10000         0 999   0
  2640000   2640001  48,  0      2177     10000         0 999   0
  2650000   2650001  48,  0      2310     10000         0 999   0
  2660000   2660001  48,  0      2277     10000         0 999   0
  2670000   2670001  48,  0      2190     10000         0 999   0
  2680000   2680001  48,  0      2165     10000         0 999   0
  2690000   2690001  48,  0      2224     10000         0 999   0
  2700000   2700001  48,  0      2285     10000         0 999   0
  2710000   2710001  48,  0      2206     10000         0 999   0
  2720000   2720001  48,  0      2213     10000         0 999   0
  2730000   2730001  48,  0      2201     10000         0 999   0
  2740000   2740001  48,  0      2189     10000         0 999   0
  2750000   2750001  48,  0      2182     10000         0 999   0
  2760000   2760001  48,  0      2270     10000         0 999   0
  2770000   2770001  48,  0      2349     10000         0 999   0
  2780000   2780001  48,  0      2289     10000         0 999   0
  2790000   2790001  48,  0      2296     10000         0 999   0
  2800000   2800001  48,  0      2249     10000         0 999   0
  2810000   2810001  48,  0      2249     10000         0 999   0
  2820000   2820001  48,  0      2273     10000         0 999   0
  2830000   2830001  48,  0      2196     10000         1  56   2
  2840000   2840001  48,  0      2182     10000         1  60   2
  2850000   2850001  48,  0      2218     10000         0 999   0
  2860000   2860001  48,  0      2093     10000         0 999   0
  2870000   2870001  48,  0      2207     10000         0 999   0
  2880000   2880001  48,  0      2212     10000         0 999   0
  2890000   2890001  48,  0      2223     10000         0 999   0
  2900000   2900001  48,  0      2174     10000         0 999   0
  2910000   2910001  48,  0      2174     10000         0 999   0
  2920000   2920001  48,  0      2231     10000         0 999   0
  2930000   2930001  48,  0      2249     10000         0 999   0
  2940000   2940001  48,  0      2233     10000         0 999   0
  2950000   2950001  48,  0      2261     10000         0 999   0
  2960000   2960001  48,  0      2212     10000         0 999   0
  2970000   2970001  48,  0      2263     10000         0 999   0
  2980000   2980001  48,  0      2192     10000         0 999   0
  2990000   2990001  48,  0      2221     10000         0 999   0
  3000000   3000001  48,  0      2240     10000         0 999   0
  3010000   3010001  48,  0      2263     10000         0 999   0
  3020000   3020001  48,  0      2159     10000         0 999   0
  3030000   3030001  48,  0      2250     10000         0 999   0
  3040000   3040001  48,  0      2185     10000         0 999   0
  3050000   3050001  48,  0      2170     10000         0 999   0
  3060000   3060001  48,  0      2151     10000         0 999   0
  3070000   3070001  48,  0      2214     10000         0 999   0
  3080000   3080001  48,  0      2245     10000         0 999   0
  3090000   3090001  48,  0      2269     10000         0 999   0
  3100000   3100001  48,  0      2229     10000         0 999   0
  3110000   3110001  48,  0      2178     10000         0 999   0
  3120000   3120001  48,  0      2189     10000         0 999   0
  3130000   3130001  48,  0      2218     10000         0 999   0
  3140000   3140001  48,  0      2142     10000         0 999   0
  3150000   3150001  48,  0      2211     10000         0 999   0
  3160000   3160001  48,  0      2201     10000         0 999   0
  3170000   3170001  48,  0      2309     10000         0 999   0
  3180000   3180001  48,  0      2269     10000         0 999   0
  3190000   3190001  48,  0      2188     10000         0 999   0
  3200000   3200001  48,  0      2207     10000         0 999   0
  3210000   3210001  48,  0      2204     10000         0 999   0
  3220000   3220001  48,  0      2205     10000         0 999   0
  3230000   3230001  48,  0      2215     10000         0 999   0
  3240000   3240001  48,  0      2214     10000         0 999   0
  3250000   3250001  48,  0      2150     10000         2  56   2
  3260000   3260001  48,  0      2162     10000         0 999   0
  3270000   3270001  48,  0      2245     10000         0 999   0
  3280000   3280001  48,  0      2184     10000         0 999   0
  3290000   3290001  48,  0      2192     10000         0 999   0
  3300000   3300001  48,  0      2185     10000         0 999   0
  3310000   3310001  48,  0      2130     10000         0 999   0
  3320000   3320001  48,  0      2212     10000         0 999   0
  3330000   3330001  48,  0      2161     10000         0 999   0
  3340000   3340001  48,  0      2198     10000         0 999   0
  3350000   3350001  48,  0      2167     10000         0 999   0
  3360000   3360001  48,  0      2207     10000         0 999   0
  3370000   3370001  48,  0      2184     10000         0 999   0
  3380000   3380001  48,  0      2178     10000         0 999   0
  3390000   3390001  48,  0      2088     10000         0 999   0
  3400000   3400001  48,  0      2173     10000         0 999   0
  3410000   3410001  48,  0      2176     10000         0 999   0
  3420000   3420001  48,  0      2213     10000         0 999   0
  3430000   3430001  48,  0      2265     10000         0 999   0
  3440000   3440001  48,  0      2239     10000         0 999   0
  3450000   3450001  48,  0      2230     10000         0 999   0
  3460000   3460001  48,  0      2116     10000         0 999   0
  3470000   3470001  48,  0      2196     10000         0 999   0
  3480000   3480001  48,  0      2250     10000         0 999   0
  3490000   3490001  48,  0      2247     10000         0 999   0
  3500000   3500001  48,  0      2136     10000         0 999   0
  3510000   3510001  48,  0      2161     10000         0 999   0
  3520000   3520001  48,  0      2297     10000         0 999   0
  3530000   3530001  48,  0      2207     10000         0 999   0
  3540000   3540001  48,  0      2235     10000         0 999   0
  3550000   3550001  48,  0      2190     10000         0 999   0
  3560000   3560001  48,  0      2171     10000         1  56   2
  3570000   3570001  48,  0      2232     10000         0 999   0
  3580000   3580001  48,  0      2177     10000         1  56   2
  3590000   3590001  48,  0      2189     10000         0 999   0
  3600000   3600001  48,  0      2111     10000         0 999   0
  3610000   3610001  48,  0      2209     10000         0 999   0
  3620000   3620001  48,  0      2190     10000         0 999   0
  3630000   3630001  48,  0      2136     10000         0 999   0
  3640000   3640001  48,  0      2143     10000         0 999   0
  3650000   3650001  48,  0      2044     10000         0 999   0
  3660000   3660001  48,  0      2179     10000         0 999   0
  3670000   3670001  48,  0      2172     10000         0 999   0
  3680000   3680001  48,  0      2149     10000         0 999   0
  3690000   3690001  48,  0      2263     10000         0 999   0
  3700000   3700001  48,  0      2134     10000         0 999   0
  3710000   3710001  48,  0      2186     10000         0 999   0
  3720000   3720001  48,  0      2109     10000         0 999   0
  3730000   3730001  48,  0      2121     10000         0 999   0
  3740000   3740001  48,  0      2157     10000         0 999   0
  3750000   3750001  48,  0      2147     10000         0 999   0
  3760000   3760001  48,  0      2169     10000         0 999   0
  3770000   3770001  48,  0      2172     10000         0 999   0
  3780000   3780001  48,  0      2174     10000         0 999   0
  3790000   3790001  48,  0      2155     10000         0 999   0
  3800000   3800001  48,  0      2142     10000         0 999   0
  3810000   3810001  48,  0      2256     10000         0 999   0
  3820000   3820001  48,  0      2239     10000         0 999   0
  3830000   3830001  48,  0      2179     10000         0 999   0
  3840000   3840001  48,  0      2175     10000         0 999   0
  3850000   3850001  48,  0      2162     10000         0 999   0
  3860000   3860001  48,  0      2115     10000         0 999   0
  3870000   3870001  48,  0      2180     10000         0 999   0
  3880000   3880001  48,  0      2167     10000         0 999   0
  3890000   3890001  48,  0      2217     10000         0 999   0
  3900000   3900001  48,  0      2100     10000         0 999   0
  3910000   3910001  48,  0      2137     10000         0 999   0
  3920000   3920001  48,  0      2206     10000         0 999   0
  3930000   3930001  48,  0      2159     10000         0 999   0
  3940000   3940001  48,  0      2121     10000         0 999   0
  3950000   3950001  48,  0      2172     10000         0 999   0
  3960000   3960001  48,  0      2194     10000         0 999   0
  3970000   3970001  48,  0      2133     10000         0 999   0
  3980000   3980001  48,  0      2171     10000         0 999   0
  3990000   3990001  48,  0      2171     10000         0 999   0
  4000000   4000001  48,  0      2179     10000         0 999   0
  4010000   4010001  48,  0      2204     10000         0 999   0
  4020000   4020001  48,  0      2091     10000         0 999   0
  4030000   4030001  48,  0      2191     10000         0 999   0
  4040000   4040001  48,  0      2249     10000         0 999   0
  4050000   4050001  48,  0      2185     10000         0 999   0
  4060000   4060001  48,  0      2175     10000         0 999   0
  4070000   4070001  48,  0      2143     10000         0 999   0
  4080000   4080001  48,  0      2203     10000         0 999   0
  4090000   4090001  48,  0      2200     10000         0 999   0
  4100000   4100001  48,  0      2153     10000         0 999   0
  4110000   4110001  48,  0      2150     10000         0 999   0
  4120000   4120001  48,  0      2206     10000         0 999   0
  4130000   4130001  48,  0      2165     10000         1  60   2
  4140000   4140001  48,  0      2193     10000         0 999   0
  4150000   4150001  48,  0      2138     10000         0 999   0
  4160000   4160001  48,  0      2170     10000         0 999   0
  4170000   4170001  48,  0      2222     10000         0 999   0
  4180000   4180001  48,  0      2164     10000         0 999   0
  4190000   4190001  48,  0      2086     10000         0 999   0
  4200000   4200001  48,  0      2177     10000         0 999   0
  4210000   4210001  48,  0      2217     10000         0 999   0
  4220000   4220001  48,  0      2168     10000         0 999   0
  4230000   4230001  48,  0      2135     10000         0 999   0
  4240000   4240001  48,  0      2251     10000         0 999   0
  4250000   4250001  48,  0      2150     10000         0 999   0
  4260000   4260001  48,  0      2086     10000         0 999   0
  4270000   4270001  48,  0      2134     10000         0 999   0
  4280000   4280001  48,  0      2177     10000         0 999   0
  4290000   4290001  48,  0      2134     10000         0 999   0
  4300000   4300001  48,  0      2138     10000         0 999   0
  4310000   4310001  48,  0      2131     10000         1  60   2
  4320000   4320001  48,  0      2075     10000         1  60   1
  4330000   4330001  48,  0      2164     10000         0 999   0
  4340000   4340001  48,  0      2106     10000         0 999   0
  4350000   4350001  48,  0      2078     10000         0 999   0
  4360000   4360001  48,  0      2147     10000         0 999   0
  4370000   4370001  48,  0      2101     10000         0 999   0
  4380000   4380001  48,  0      2231     10000         0 999   0
  4390000   4390001  48,  0      2100     10000         0 999   0
  4400000   4400001  48,  0      2197     10000         0 999   0
  4410000   4410001  48,  0      2131     10000         0 999   0
  4420000   4420001  48,  0      2184     10000         0 999   0
  4430000   4430001  48,  0      2086     10000         0 999   0
  4440000   4440001  48,  0      2099     10000         0 999   0
  4450000   4450001  48,  0      2159     10000         0 999   0
  4460000   4460001  48,  0      2010     10000         0 999   0
  4470000   4470001  48,  0      2120     10000         0 999   0
  4480000   4480001  48,  0      2171     10000         0 999   0
  4490000   4490001  48,  0      2069     10000         0 999   0
  4500000   4500001  48,  0      2119     10000         0 999   0
  4510000   4510001  48,  0      2129     10000         0 999   0
  4520000   4520001  48,  0      2093     10000         0 999   0
  4530000   4530001  48,  0      2112     10000         0 999   0
  4540000   4540001  48,  0      2114     10000         0 999   0
  4550000   4550001  48,  0      2152     10000         0 999   0
  4560000   4560001  48,  0      2147     10000         0 999   0
  4570000   4570001  48,  0      2042     10000         0 999   0
  4580000   4580001  48,  0      2074     10000         0 999   0
  4590000   4590001  48,  0      2122     10000         0 999   0
  4600000   4600001  48,  0      2148     10000         0 999   0
  4610000   4610001  48,  0      2126     10000         0 999   0
  4620000   4620001  48,  0      2168     10000         0 999   0
  4630000   4630001  48,  0      2147     10000         0 999   0
  4640000   4640001  48,  0      2137     10000         0 999   0
  4650000   4650001  48,  0      2146     10000         1  56   2
  4660000   4660001  48,  0      2174     10000         0 999   0
  4670000   4670001  48,  0      2093     10000         0 999   0
  4680000   4680001  48,  0      2162     10000         0 999   0
  4690000   4690001  48,  0      2123     10000         0 999   0
  4700000   4700001  48,  0      2138     10000         0 999   0
  4710000   4710001  48,  0      2151     10000         0 999   0
  4720000   4720001  48,  0      2085     10000         0 999   0
  4730000   4730001  48,  0      2091     10000         0 999   0
  4740000   4740001  48,  0      2131     10000         0 999   0
  4750000   4750001  48,  0      2071     10000         0 999   0
  4760000   4760001  48,  0      2066     10000         0 999   0
  4770000   4770001  48,  0      2075     10000         0 999   0
  4780000   4780001  48,  0      2035     10000         0 999   0
  4790000   4790001  48,  0      2112     10000         0 999   0
  4800000   4800001  48,  0      2106     10000         0 999   0
  4810000   4810001  48,  0      2099     10000         0 999   0
  4820000   4820001  48,  0      2139     10000         0 999   0
  4830000   4830001  48,  0      2037     10000         0 999   0
  4840000   4840001  48,  0      2130     10000         0 999   0
  4850000   4850001  48,  0      2156     10000         0 999   0
  4860000   4860001  48,  0      2024     10000         0 999   0
  4870000   4870001  48,  0      2140     10000         0 999   0
  4880000   4880001  48,  0      2157     10000         0 999   0
  4890000   4890001  48,  0      2129     10000         0 999   0
  4900000   4900001  48,  0      2091     10000         0 999   0
  4910000   4910001  48,  0      2055     10000         0 999   0
  4920000   4920001  48,  0      2066     10000         0 999   0
  4930000   4930001  48,  0      2082     10000         0 999   0
  4940000   4940001  48,  0      2168     10000         0 999   0
  4950000   4950001  48,  0      2174     10000         0 999   0
  4960000   4960001  48,  0      2126     10000         0 999   0
  4970000   4970001  48,  0      2013     10000         0 999   0
  4980000   4980001  48,  0      2167     10000         0 999   0
  4990000   4990001  48,  0      2209     10000         0 999   0
  5000000   5000001  48,  0      2184     10000         0 999   0
  5010000   5010001  48,  0      2099     10000         0 999   0
  5020000   5020001  48,  0      2196     10000         0 999   0
  5030000   5030001  48,  0      2141     10000         0 999   0
  5040000   5040001  48,  0      2126     10000         0 999   0
  5050000   5050001  48,  0      2070     10000         0 999   0
  5060000   5060001  48,  0      2076     10000         0 999   0
  5070000   5070001  48,  0      2143     10000         0 999   0
  5080000   5080001  48,  0      2166     10000         0 999   0
  5090000   5090001  48,  0      2155     10000         0 999   0
  5100000   5100001  48,  0      2111     10000         0 999   0
  5110000   5110001  48,  0      2045     10000         0 999   0
  5120000   5120001  48,  0      2052     10000         0 999   0
  5130000   5130001  48,  0      2124     10000         0 999   0
  5140000   5140001  48,  0      2092     10000         0 999   0
  5150000   5150001  48,  0      2118     10000         0 999   0
  5160000   5160001  48,  0      2013     10000         0 999   0
  5170000   5170001  48,  0      2061     10000         0 999   0
  5180000   5180001  48,  0      2135     10000         0 999   0
  5190000   5190001  48,  0      2159     10000         0 999   0
  5200000   5200001  48,  0      2109     10000         0 999   0
  5210000   5210001  48,  0      2198     10000         0 999   0
  5220000   5220001  48,  0      2126     10000         0 999   0
  5230000   5230001  48,  0      2099     10000         0 999   0
  5240000   5240001  48,  0      2157     10000         0 999   0
  5250000   5250001  48,  0      2110     10000         0 999   0
  5260000   5260001  48,  0      2084     10000         0 999   0
  5270000   5270001  48,  0      2101     10000         0 999   0
  5280000   5280001  48,  0      2139     10000         0 999   0
  5290000   5290001  48,  0      2179     10000         0 999   0
  5300000   5300001  48,  0      2093     10000         0 999   0
  5310000   5310001  48,  0      2158     10000         0 999   0
  5320000   5320001  48,  0      2073     10000         0 999   0
  5330000   5330001  48,  0      2076     10000         0 999   0
  5340000   5340001  48,  0      2121     10000         0 999   0
  5350000   5350001  48,  0      2116     10000         0 999   0
  5360000   5360001  48,  0      2107     10000         0 999   0
  5370000   5370001  48,  0      2155     10000         0 999   0
  5380000   5380001  48,  0      2152     10000         0 999   0
  5390000   5390001  48,  0      2110     10000         0 999   0
  5400000   5400001  48,  0      2166     10000         0 999   0
  5410000   5410001  48,  0      2158     10000         0 999   0
  5420000   5420001  48,  0      2059     10000         0 999   0
  5430000   5430001  48,  0      2098     10000         0 999   0
  5440000   5440001  48,  0      2138     10000         0 999   0
  5450000   5450001  48,  0      2153     10000         0 999   0
  5460000   5460001  48,  0      2125     10000         0 999   0
  5470000   5470001  48,  0      2116     10000         0 999   0
  5480000   5480001  48,  0      2155     10000         0 999   0
  5490000   5490001  48,  0      2134     10000         0 999   0
  5500000   5500001  48,  0      2111     10000         0 999   0
  5510000   5510001  48,  0      2109     10000         0 999   0
  5520000   5520001  48,  0      2115     10000         0 999   0
  5530000   5530001  48,  0      2159     10000         0 999   0
  5540000   5540001  48,  0      2078     10000         0 999   0
  5550000   5550001  48,  0      2126     10000         0 999   0
  5560000   5560001  48,  0      2122     10000         0 999   0
  5570000   5570001  48,  0      2135     10000         0 999   0
  5580000   5580001  48,  0      2082     10000         0 999   0
  5590000   5590001  48,  0      2069     10000         0 999   0
  5600000   5600001  48,  0      2140     10000         0 999   0
  5610000   5610001  48,  0      2058     10000         0 999   0
  5620000   5620001  48,  0      2080     10000         0 999   0
  5630000   5630001  48,  0      2131     10000         0 999   0
  5640000   5640001  48,  0      2093     10000         0 999   0
  5650000   5650001  48,  0      2097     10000         0 999   0
  5660000   5660001  48,  0      2065     10000         0 999   0
  5670000   5670001  48,  0      2146     10000         0 999   0
  5680000   5680001  48,  0      2074     10000         0 999   0
  5690000   5690001  48,  0      2146     10000         0 999   0
  5700000   5700001  48,  0      2082     10000         0 999   0
  5710000   5710001  48,  0      2085     10000         0 999   0
  5720000   5720001  48,  0      2028     10000         0 999   0
  5730000   5730001  48,  0      2064     10000         0 999   0
  5740000   5740001  48,  0      2112     10000         0 999   0
  5750000   5750001  48,  0      2153     10000         1  48   2
  5760000   5760001  48,  0      2178     10000         0 999   0
  5770000   5770001  48,  0      2106     10000         0 999   0
  5780000   5780001  48,  0      2121     10000         0 999   0
  5790000   5790001  48,  0      2083     10000         0 999   0
  5800000   5800001  48,  0      2082     10000         0 999   0
  5810000   5810001  48,  0      2028     10000         0 999   0
  5820000   5820001  48,  0      2095     10000         0 999   0
  5830000   5830001  48,  0      2128     10000         0 999   0
  5840000   5840001  48,  0      2073     10000         0 999   0
  5850000   5850001  48,  0      2092     10000         0 999   0
  5860000   5860001  48,  0      2121     10000         0 999   0
  5870000   5870001  48,  0      2096     10000         0 999   0
  5880000   5880001  48,  0      2157     10000         0 999   0
  5890000   5890001  48,  0      2086     10000         0 999   0
  5900000   5900001  48,  0      2070     10000         0 999   0
  5910000   5910001  48,  0      2093     10000         0 999   0
  5920000   5920001  48,  0      2185     10000         0 999   0
  5930000   5930001  48,  0      2088     10000         0 999   0
  5940000   5940001  48,  0      2079     10000         0 999   0
  5950000   5950001  48,  0      2119     10000         0 999   0
  5960000   5960001  48,  0      2081     10000         0 999   0
  5970000   5970001  48,  0      2122     10000         0 999   0
  5980000   5980001  48,  0      2032     10000         0 999   0
  5990000   5990001  48,  0      2047     10000         0 999   0
  6000000   6000001  48,  0      2114     10000         0 999   0
  6010000   6010001  48,  0      2110     10000         0 999   0
  6020000   6020001  48,  0      2124     10000         0 999   0
  6030000   6030001  48,  0      2126     10000         0 999   0
  6040000   6040001  48,  0      2048     10000         0 999   0
  6050000   6050001  48,  0      2117     10000         0 999   0
  6060000   6060001  48,  0      2155     10000         0 999   0
  6070000   6070001  48,  0      2111     10000         0 999   0
  6080000   6080001  48,  0      2134     10000         0 999   0
  6090000   6090001  48,  0      2139     10000         0 999   0
  6100000   6100001  48,  0      2058     10000         0 999   0
  6110000   6110001  48,  0      2113     10000         0 999   0
  6120000   6120001  48,  0      2108     10000         0 999   0
  6130000   6130001  48,  0      2073     10000         0 999   0
  6140000   6140001  48,  0      2126     10000         0 999   0
  6150000   6150001  48,  0      2154     10000         0 999   0
  6160000   6160001  48,  0      2025     10000         0 999   0
  6170000   6170001  48,  0      2076     10000         0 999   0
  6180000   6180001  48,  0      2111     10000         0 999   0
  6190000   6190001  48,  0      2035     10000         0 999   0
  6200000   6200001  48,  0      2142     10000         0 999   0
  6210000   6210001  48,  0      2126     10000         0 999   0
  6220000   6220001  48,  0      2091     10000         0 999   0
  6230000   6230001  48,  0      2094     10000         0 999   0
  6240000   6240001  48,  0      2064     10000         0 999   0
  6250000   6250001  48,  0      2059     10000         0 999   0
  6260000   6260001  48,  0      2052     10000         0 999   0
  6270000   6270001  48,  0      2078     10000         0 999   0
  6280000   6280001  48,  0      2146     10000         0 999   0
  6290000   6290001  48,  0      2165     10000         0 999   0
  6300000   6300001  48,  0      2163     10000         0 999   0
  6310000   6310001  48,  0      2067     10000         0 999   0
  6320000   6320001  48,  0      2034     10000         0 999   0
  6330000   6330001  48,  0      2100     10000         0 999   0
  6340000   6340001  48,  0      2140     10000         0 999   0
  6350000   6350001  48,  0      2124     10000         0 999   0
  6360000   6360001  48,  0      2147     10000         0 999   0
  6370000   6370001  48,  0      2039     10000         0 999   0
  6380000   6380001  48,  0      2104     10000         0 999   0
  6390000   6390001  48,  0      2145     10000         0 999   0
  6400000   6400001  48,  0      2111     10000         0 999   0
  6410000   6410001  48,  0      2101     10000         0 999   0
  6420000   6420001  48,  0      2098     10000         0 999   0
  6430000   6430001  48,  0      2129     10000         0 999   0
  6440000   6440001  48,  0      2165     10000         0 999   0
  6450000   6450001  48,  0      2115     10000         0 999   0
  6460000   6460001  48,  0      2138     10000         0 999   0
  6470000   6470001  48,  0      2100     10000         0 999   0
  6480000   6480001  48,  0      2123     10000         0 999   0
  6490000   6490001  48,  0      2062     10000         0 999   0
  6500000   6500001  48,  0      2035     10000         0 999   0
  6510000   6510001  48,  0      2111     10000         0 999   0
  6520000   6520001  48,  0      2045     10000         0 999   0
  6530000   6530001  48,  0      2116     10000         0 999   0
  6540000   6540001  48,  0      2073     10000         0 999   0
  6550000   6550001  48,  0      2098     10000         0 999   0
  6560000   6560001  48,  0      2154     10000         0 999   0
  6570000   6570001  48,  0      2064     10000         0 999   0
  6580000   6580001  48,  0      2115     10000         0 999   0
  6590000   6590001  48,  0      2089     10000         0 999   0
  6600000   6600001  48,  0      2062     10000         0 999   0
  6610000   6610001  48,  0      2019     10000         0 999   0
  6620000   6620001  48,  0      2125     10000         0 999   0
  6630000   6630001  48,  0      2149     10000         0 999   0
  6640000   6640001  48,  0      2062     10000         0 999   0
  6650000   6650001  48,  0      2179     10000         0 999   0
  6660000   6660001  48,  0      2037     10000         0 999   0
  6670000   6670001  48,  0      2070     10000         0 999   0
  6680000   6680001  48,  0      2156     10000         0 999   0
  6690000   6690001  48,  0      2109     10000         0 999   0
  6700000   6700001  48,  0      2041     10000         0 999   0
  6710000   6710001  48,  0      2056     10000         0 999   0
  6720000   6720001  48,  0      2035     10000         0 999   0
  6730000   6730001  48,  0      2133     10000         0 999   0
  6740000   6740001  48,  0      2074     10000         0 999   0
  6750000   6750001  48,  0      2222     10000         0 999   0
  6760000   6760001  48,  0      2160     10000         0 999   0
  6770000   6770001  48,  0      2235     10000         0 999   0
  6780000   6780001  48,  0      2132     10000         1  60   2
  6790000   6790001  48,  0      2077     10000         0 999   0
  6800000   6800001  48,  0      2032     10000         0 999   0
  6810000   6810001  48,  0      2105     10000         0 999   0
  6820000   6820001  48,  0      2066     10000         0 999   0
  6830000   6830001  48,  0      2035     10000         0 999   0
  6840000   6840001  48,  0      2094     10000         0 999   0
  6850000   6850001  48,  0      2097     10000         0 999   0
  6860000   6860001  48,  0      2104     10000         0 999   0
  6870000   6870001  48,  0      2053     10000         0 999   0
  6880000   6880001  48,  0      2089     10000         0 999   0
  6890000   6890001  48,  0      2104     10000         0 999   0
  6900000   6900001  48,  0      2051     10000         0 999   0
  6910000   6910001  48,  0      2081     10000         0 999   0
  6920000   6920001  48,  0      2021     10000         0 999   0
  6930000   6930001  48,  0      2080     10000         0 999   0
  6940000   6940001  48,  0      2120     10000         0 999   0
  6950000   6950001  48,  0      2081     10000         0 999   0
  6960000   6960001  48,  0      2068     10000         0 999   0
  6970000   6970001  48,  0      2019     10000         0 999   0
  6980000   6980001  48,  0      2180     10000         0 999   0
  6990000   6990001  48,  0      2157     10000         0 999   0
  7000000   7000001  48,  0      2063     10000         0 999   0
  7010000   7010001  48,  0      2116     10000         0 999   0
  7020000   7020001  48,  0      2099     10000         0 999   0
  7030000   7030001  48,  0      2004     10000         0 999   0
  7040000   7040001  48,  0      2135     10000         0 999   0
  7050000   7050001  48,  0      2123     10000         0 999   0
  7060000   7060001  48,  0      2101     10000         0 999   0
  7070000   7070001  48,  0      2066     10000         0 999   0
  7080000   7080001  48,  0      2063     10000         0 999   0
  7090000   7090001  48,  0      2044     10000         0 999   0
  7100000   7100001  48,  0      2091     10000         0 999   0
  7110000   7110001  48,  0      2059     10000         1  48   2
  7120000   7120001  48,  0      2039     10000         0 999   0
  7130000   7130001  48,  0      2052     10000         0 999   0
  7140000   7140001  48,  0      2058     10000         0 999   0
  7150000   7150001  48,  0      2089     10000         0 999   0
  7160000   7160001  48,  0      2100     10000         0 999   0
  7170000   7170001  48,  0      2070     10000         0 999   0
  7180000   7180001  48,  0      1983     10000         0 999   0
  7190000   7190001  48,  0      2079     10000         0 999   0
  7200000   7200001  48,  0      2055     10000         0 999   0
  7210000   7210001  48,  0      2014     10000         0 999   0
  7220000   7220001  48,  0      2107     10000         0 999   0
  7230000   7230001  48,  0      2056     10000         0 999   0
  7240000   7240001  48,  0      2129     10000         0 999   0
  7250000   7250001  48,  0      2087     10000         0 999   0
  7260000   7260001  48,  0      2104     10000         0 999   0
  7270000   7270001  48,  0      2058     10000         0 999   0
  7280000   7280001  48,  0      2028     10000         0 999   0
  7290000   7290001  48,  0      2069     10000         0 999   0
  7300000   7300001  48,  0      2038     10000         0 999   0
  7310000   7310001  48,  0      2031     10000         0 999   0
  7320000   7320001  48,  0      2066     10000         0 999   0
  7330000   7330001  48,  0      2104     10000         0 999   0
  7340000   7340001  48,  0      2069     10000         0 999   0
  7350000   7350001  48,  0      2074     10000         0 999   0
  7360000   7360001  48,  0      1995     10000         0 999   0
  7370000   7370001  48,  0      2093     10000         0 999   0
  7380000   7380001  48,  0      2130     10000         0 999   0
  7390000   7390001  48,  0      2105     10000         0 999   0
  7400000   7400001  48,  0      2052     10000         0 999   0
  7410000   7410001  48,  0      2005     10000         0 999   0
  7420000   7420001  48,  0      2076     10000         0 999   0
  7430000   7430001  48,  0      2041     10000         0 999   0
  7440000   7440001  48,  0      2066     10000         0 999   0
  7450000   7450001  48,  0      1969     10000         0 999   0
  7460000   7460001  48,  0      2103     10000         0 999   0
  7470000   7470001  48,  0      2019     10000         0 999   0
  7480000   7480001  48,  0      2103     10000         0 999   0
  7490000   7490001  48,  0      2109     10000         0 999   0
  7500000   7500001  48,  0      2130     10000         0 999   0
  7510000   7510001  48,  0      2083     10000         0 999   0
  7520000   7520001  48,  0      2066     10000         0 999   0
  7530000   7530001  48,  0      2055     10000         0 999   0
  7540000   7540001  48,  0      1993     10000         0 999   0
  7550000   7550001  48,  0      1982     10000         0 999   0
  7560000   7560001  48,  0      2011     10000         0 999   0
  7570000   7570001  48,  0      2041     10000         0 999   0
  7580000   7580001  48,  0      2018     10000         0 999   0
  7590000   7590001  48,  0      2074     10000         0 999   0
  7600000   7600001  48,  0      2075     10000         0 999   0
  7610000   7610001  48,  0      2098     10000         0 999   0
  7620000   7620001  48,  0      2107     10000         0 999   0
  7630000   7630001  48,  0      2038     10000         0 999   0
  7640000   7640001  48,  0      2013     10000         0 999   0
  7650000   7650001  48,  0      2016     10000         0 999   0
  7660000   7660001  48,  0      2163     10000         0 999   0
  7670000   7670001  48,  0      2088     10000         0 999   0
  7680000   7680001  48,  0      2060     10000         0 999   0
  7690000   7690001  48,  0      2030     10000         0 999   0
  7700000   7700001  48,  0      2085     10000         0 999   0
  7710000   7710001  48,  0      2077     10000         0 999   0
  7720000   7720001  48,  0      2101     10000         0 999   0
  7730000   7730001  48,  0      2086     10000         0 999   0
  7740000   7740001  48,  0      2095     10000         0 999   0
  7750000   7750001  48,  0      2102     10000         0 999   0
  7760000   7760001  48,  0      2022     10000         0 999   0
  7770000   7770001  48,  0      2148     10000         0 999   0
  7780000   7780001  48,  0      2064     10000         0 999   0
  7790000   7790001  48,  0      2083     10000         0 999   0
  7800000   7800001  48,  0      2109     10000         0 999   0
  7810000   7810001  48,  0      2061     10000         0 999   0
  7820000   7820001  48,  0      2028     10000         0 999   0
  7830000   7830001  48,  0      2125     10000         0 999   0
  7840000   7840001  48,  0      2095     10000         0 999   0
  7850000   7850001  48,  0      2115     10000         0 999   0
  7860000   7860001  48,  0      2057     10000         0 999   0
  7870000   7870001  48,  0      2020     10000         0 999   0
  7880000   7880001  48,  0      2067     10000         0 999   0
  7890000   7890001  48,  0      2114     10000         0 999   0
  7900000   7900001  48,  0      2076     10000         0 999   0
  7910000   7910001  48,  0      2129     10000         0 999   0
  7920000   7920001  48,  0      2095     10000         0 999   0
  7930000   7930001  48,  0      2060     10000         0 999   0
  7940000   7940001  48,  0      2068     10000         0 999   0
  7950000   7950001  48,  0      2094     10000         0 999   0
  7960000   7960001  48,  0      2000     10000         0 999   0
  7970000   7970001  48,  0      2043     10000         0 999   0
  7980000   7980001  48,  0      2052     10000         0 999   0
  7990000   7990001  48,  0      2139     10000         0 999   0
  8000000   8000001  48,  0      2049     10000         0 999   0
  8010000   8010001  48,  0      2008     10000         0 999   0
  8020000   8020001  48,  0      2114     10000         0 999   0
  8030000   8030001  48,  0      2073     10000         0 999   0
  8040000   8040001  48,  0      2050     10000         0 999   0
  8050000   8050001  48,  0      2179     10000         0 999   0
  8060000   8060001  48,  0      2086     10000         0 999   0
  8070000   8070001  48,  0      2026     10000         0 999   0
  8080000   8080001  48,  0      2087     10000         0 999   0
  8090000   8090001  48,  0      2024     10000         0 999   0
  8100000   8100001  48,  0      2064     10000         0 999   0
  8110000   8110001  48,  0      2102     10000         0 999   0
  8120000   8120001  48,  0      2020     10000         0 999   0
  8130000   8130001  48,  0      2152     10000         0 999   0
  8140000   8140001  48,  0      2003     10000         0 999   0
  8150000   8150001  48,  0      2034     10000         0 999   0
  8160000   8160001  48,  0      2018     10000         0 999   0
  8170000   8170001  48,  0      2035     10000         0 999   0
  8180000   8180001  48,  0      2118     10000         0 999   0
  8190000   8190001  48,  0      2082     10000         0 999   0
  8200000   8200001  48,  0      2058     10000         0 999   0
  8210000   8210001  48,  0      2054     10000         0 999   0
  8220000   8220001  48,  0      2081     10000         0 999   0
  8230000   8230001  48,  0      2073     10000         0 999   0
  8240000   8240001  48,  0      2075     10000         0 999   0
  8250000   8250001  48,  0      2029     10000         0 999   0
  8260000   8260001  48,  0      2065     10000         0 999   0
  8270000   8270001  48,  0      2054     10000         0 999   0
  8280000   8280001  48,  0      2103     10000         0 999   0
  8290000   8290001  48,  0      2087     10000         0 999   0
  8300000   8300001  48,  0      2105     10000         0 999   0
  8310000   8310001  48,  0      2028     10000         0 999   0
  8320000   8320001  48,  0      2054     10000         0 999   0
  8330000   8330001  48,  0      2071     10000         0 999   0
  8340000   8340001  48,  0      2102     10000         0 999   0
  8350000   8350001  48,  0      2048     10000         0 999   0
  8360000   8360001  48,  0      1969     10000         0 999   0
  8370000   8370001  48,  0      2089     10000         0 999   0
  8380000   8380001  48,  0      2087     10000         0 999   0
  8390000   8390001  48,  0      2038     10000         0 999   0
  8400000   8400001  48,  0      2038     10000         0 999   0
  8410000   8410001  48,  0      2065     10000         0 999   0
  8420000   8420001  48,  0      2095     10000         1  60   2
  8430000   8430001  48,  0      2076     10000         0 999   0
  8440000   8440001  48,  0      2048     10000         0 999   0
  8450000   8450001  48,  0      2076     10000         0 999   0
  8460000   8460001  48,  0      2024     10000         0 999   0
  8470000   8470001  48,  0      2135     10000         0 999   0
  8480000   8480001  48,  0      2062     10000         0 999   0
  8490000   8490001  48,  0      2084     10000         0 999   0
  8500000   8500001  48,  0      2131     10000         0 999   0
  8510000   8510001  48,  0      2131     10000         0 999   0
  8520000   8520001  48,  0      2021     10000         0 999   0
  8530000   8530001  48,  0      2044     10000         0 999   0
  8540000   8540001  48,  0      2006     10000         0 999   0
  8550000   8550001  48,  0      2072     10000         0 999   0
  8560000   8560001  48,  0      2096     10000         0 999   0
  8570000   8570001  48,  0      2055     10000         0 999   0
  8580000   8580001  48,  0      2047     10000         0 999   0
  8590000   8590001  48,  0      2079     10000         0 999   0
  8600000   8600001  48,  0      2015     10000         0 999   0
  8610000   8610001  48,  0      2132     10000         0 999   0
  8620000   8620001  48,  0      1983     10000         0 999   0
  8630000   8630001  48,  0      2074     10000         0 999   0
  8640000   8640001  48,  0      2067     10000         0 999   0
  8650000   8650001  48,  0      2081     10000         0 999   0
  8660000   8660001  48,  0      2131     10000         0 999   0
  8670000   8670001  48,  0      2086     10000         0 999   0
  8680000   8680001  48,  0      2058     10000         0 999   0
  8690000   8690001  48,  0      2105     10000         0 999   0
  8700000   8700001  48,  0      1988     10000         0 999   0
  8710000   8710001  48,  0      2075     10000         0 999   0
  8720000   8720001  48,  0      2002     10000         0 999   0
  8730000   8730001  48,  0      2122     10000         0 999   0
  8740000   8740001  48,  0      1946     10000         0 999   0
  8750000   8750001  48,  0      2085     10000         0 999   0
  8760000   8760001  48,  0      2077     10000         0 999   0
  8770000   8770001  48,  0      2070     10000         0 999   0
  8780000   8780001  48,  0      2053     10000         0 999   0
  8790000   8790001  48,  0      2104     10000         0 999   0
  8800000   8800001  48,  0      2146     10000         0 999   0
  8810000   8810001  48,  0      2009     10000         0 999   0
  8820000   8820001  48,  0      1970     10000         0 999   0
  8830000   8830001  48,  0      2106     10000         0 999   0
  8840000   8840001  48,  0      2092     10000         0 999   0
  8850000   8850001  48,  0      2079     10000         0 999   0
  8860000   8860001  48,  0      2017     10000         0 999   0
  8870000   8870001  48,  0      2094     10000         0 999   0
  8880000   8880001  48,  0      2060     10000         0 999   0
  8890000   8890001  48,  0      2100     10000         0 999   0
  8900000   8900001  48,  0      1990     10000         0 999   0
  8910000   8910001  48,  0      2036     10000         0 999   0
  8920000   8920001  48,  0      2084     10000         0 999   0
  8930000   8930001  48,  0      2051     10000         0 999   0
  8940000   8940001  48,  0      1996     10000         0 999   0
  8950000   8950001  48,  0      2088     10000         0 999   0
  8960000   8960001  48,  0      2044     10000         0 999   0
  8970000   8970001  48,  0      2043     10000         0 999   0
  8980000   8980001  48,  0      2088     10000         0 999   0
  8990000   8990001  48,  0      2040     10000         0 999   0
  9000000   9000001  48,  0      2114     10000         0 999   0
  9010000   9010001  48,  0      2068     10000         0 999   0
  9020000   9020001  48,  0      2020     10000         0 999   0
  9030000   9030001  48,  0      2083     10000         0 999   0
  9040000   9040001  48,  0      2047     10000         0 999   0
  9050000   9050001  48,  0      2025     10000         0 999   0
  9060000   9060001  48,  0      1993     10000         0 999   0
  9070000   9070001  48,  0      2095     10000         0 999   0
  9080000   9080001  48,  0      2045     10000         0 999   0
  9090000   9090001  48,  0      2027     10000         0 999   0
  9100000   9100001  48,  0      1986     10000         0 999   0
  9110000   9110001  48,  0      2053     10000         0 999   0
  9120000   9120001  48,  0      2102     10000         0 999   0
  9130000   9130001  48,  0      2096     10000         0 999   0
  9140000   9140001  48,  0      2048     10000         0 999   0
  9150000   9150001  48,  0      2037     10000         0 999   0
  9160000   9160001  48,  0      2140     10000         0 999   0
  9170000   9170001  48,  0      2115     10000         0 999   0
  9180000   9180001  48,  0      2028     10000         0 999   0
  9190000   9190001  48,  0      2030     10000         0 999   0
  9200000   9200001  48,  0      2082     10000         0 999   0
  9210000   9210001  48,  0      2072     10000         0 999   0
  9220000   9220001  48,  0      2072     10000         0 999   0
  9230000   9230001  48,  0      2089     10000         0 999   0
  9240000   9240001  48,  0      2089     10000         0 999   0
  9250000   9250001  48,  0      2047     10000         0 999   0
  9260000   9260001  48,  0      2081     10000         0 999   0
  9270000   9270001  48,  0      1995     10000         0 999   0
  9280000   9280001  48,  0      2076     10000         0 999   0
  9290000   9290001  48,  0      2119     10000         0 999   0
  9300000   9300001  48,  0      2068     10000         0 999   0
  9310000   9310001  48,  0      2120     10000         0 999   0
  9320000   9320001  48,  0      2065     10000         0 999   0
  9330000   9330001  48,  0      2027     10000         0 999   0
  9340000   9340001  48,  0      2052     10000         0 999   0
  9350000   9350001  48,  0      2150     10000         0 999   0
  9360000   9360001  48,  0      2051     10000         0 999   0
  9370000   9370001  48,  0      2076     10000         0 999   0
  9380000   9380001  48,  0      2047     10000         0 999   0
  9390000   9390001  48,  0      2012     10000         0 999   0
  9400000   9400001  48,  0      2029     10000         0 999   0
  9410000   9410001  48,  0      2032     10000         0 999   0
  9420000   9420001  48,  0      2128     10000         0 999   0
  9430000   9430001  48,  0      2053     10000         0 999   0
  9440000   9440001  48,  0      2078     10000         0 999   0
  9450000   9450001  48,  0      2065     10000         0 999   0
  9460000   9460001  48,  0      2137     10000         0 999   0
  9470000   9470001  48,  0      2091     10000         0 999   0
  9480000   9480001  48,  0      2032     10000         0 999   0
  9490000   9490001  48,  0      2054     10000         0 999   0
  9500000   9500001  48,  0      2072     10000         0 999   0
  9510000   9510001  48,  0      1947     10000         0 999   0
  9520000   9520001  48,  0      2019     10000         0 999   0
  9530000   9530001  48,  0      2078     10000         0 999   0
  9540000   9540001  48,  0      2098     10000         0 999   0
  9550000   9550001  48,  0      2068     10000         0 999   0
  9560000   9560001  48,  0      1973     10000         0 999   0
  9570000   9570001  48,  0      2009     10000         0 999   0
  9580000   9580001  48,  0      2098     10000         0 999   0
  9590000   9590001  48,  0      2048     10000         0 999   0
  9600000   9600001  48,  0      2076     10000         0 999   0
  9610000   9610001  48,  0      2105     10000         0 999   0
  9620000   9620001  48,  0      2089     10000         0 999   0
  9630000   9630001  48,  0      2011     10000         0 999   0
  9640000   9640001  48,  0      2054     10000         0 999   0
  9650000   9650001  48,  0      2062     10000         0 999   0
  9660000   9660001  48,  0      2079     10000         0 999   0
  9670000   9670001  48,  0      2117     10000         0 999   0
  9680000   9680001  48,  0      2102     10000         0 999   0
  9690000   9690001  48,  0      2048     10000         0 999   0
  9700000   9700001  48,  0      2093     10000         0 999   0
  9710000   9710001  48,  0      2016     10000         0 999   0
  9720000   9720001  48,  0      2084     10000         0 999   0
  9730000   9730001  48,  0      2123     10000         0 999   0
  9740000   9740001  48,  0      2086     10000         0 999   0
  9750000   9750001  48,  0      2090     10000         0 999   0
  9760000   9760001  48,  0      2096     10000         0 999   0
  9770000   9770001  48,  0      2045     10000         0 999   0
  9780000   9780001  48,  0      2046     10000         0 999   0
  9790000   9790001  48,  0      2069     10000         0 999   0
  9800000   9800001  48,  0      2066     10000         0 999   0
  9810000   9810001  48,  0      2064     10000         0 999   0
  9820000   9820001  48,  0      2051     10000         0 999   0
  9830000   9830001  48,  0      2135     10000         0 999   0
  9840000   9840001  48,  0      2080     10000         0 999   0
  9850000   9850001  48,  0      2061     10000         0 999   0
  9860000   9860001  48,  0      2019     10000         0 999   0
  9870000   9870001  48,  0      2126     10000         0 999   0
  9880000   9880001  48,  0      2047     10000         0 999   0
  9890000   9890001  48,  0      2047     10000         0 999   0
  9900000   9900001  48,  0      2044     10000         0 999   0
  9910000   9910001  48,  0      1963     10000         0 999   0
  9920000   9920001  48,  0      1998     10000         0 999   0
  9930000   9930001  48,  0      2021     10000         0 999   0
  9940000   9940001  48,  0      2091     10000         0 999   0
  9950000   9950001  48,  0      2067     10000         0 999   0
  9960000   9960001  48,  0      2046     10000         0 999   0
  9970000   9970001  48,  0      2031     10000         0 999   0
  9980000   9980001  48,  0      1964     10000         0 999   0
  9990000   9990001  48,  0      2042     10000         0 999   0

 10000000  10000001  48,  0      2050      9999         0  *


Total Time = 766 seconds; Search Time = 766 seconds.
Terminated due to Maximum Patience Reached
Best Configuration:
KNHP GEOB CIJM DFLA
JDNG CABH IFOK LEMP
BJLK MDOH GFPC IEAN
LHGI KCDE AJPO BMNF

Score = 48
Old Score = 0
Bad seating
  A B C D E F G H I J K L M N O P Q R S T U V W X
A . 1 1 1 1 1 0 1 1 1 0 1 0 1 1 1
B 1 . 1 0 1 1 1 1 0 1 1 1 1 1 1 0
C 1 1 . 1 1 1 1 1 1 1 1 0 1 0 0 1
D 1 0 1 . 1 1 1 1 0 1 1 1 1 1 1 0
E 1 1 1 1 . 0 1 0 1 0 1 1 1 1 1 1
F 1 1 1 1 0 . 1 0 1 0 1 1 1 1 1 1
G 0 1 1 1 1 1 . 1 1 1 0 1 0 1 1 1
H 1 1 1 1 0 0 1 . 1 0 1 1 1 1 1 1
I 1 0 1 0 1 1 1 1 . 1 1 1 1 1 1 0
J 1 1 1 1 0 0 1 0 1 . 1 1 1 1 1 1
K 0 1 1 1 1 1 0 1 1 1 . 1 0 1 1 1
L 1 1 0 1 1 1 1 1 1 1 1 . 1 0 0 1
M 0 1 1 1 1 1 0 1 1 1 0 1 . 1 1 1
N 1 1 0 1 1 1 1 1 1 1 1 0 1 . 0 1
O 1 1 0 1 1 1 1 1 1 1 1 0 1 0 . 1
P 1 0 1 0 1 1 1 1 0 1 1 1 1 1 1 .
Bad partnerings
  A B C D E F G H I J K L M N O P Q R S T U V W X
A . 0 1 0 0 0 0 0 0 1 0 1 0 1 0 0
B 0 . 0 0 0 0 0 1 0 1 0 0 1 0 1 0
C 1 0 . 0 0 0 0 0 1 0 1 0 0 0 0 1
D 0 0 0 . 1 1 0 0 0 1 0 0 1 0 0 0
E 0 0 0 1 . 0 1 0 1 0 0 1 0 0 0 0
F 0 0 0 1 0 . 1 0 1 0 0 0 0 1 0 0
G 0 0 0 0 1 1 . 0 1 0 0 0 0 1 0 0
H 0 1 0 0 0 0 0 . 0 0 0 1 0 0 1 1
I 0 0 1 0 1 1 1 0 . 0 0 0 0 0 0 0
J 1 1 0 1 0 0 0 0 0 . 0 0 1 0 0 0
K 0 0 1 0 0 0 0 0 0 0 . 1 0 1 1 0
L 1 0 0 0 1 0 0 1 0 0 1 . 0 0 0 0
M 0 1 0 1 0 0 0 0 0 1 0 0 . 0 0 1
N 1 0 0 0 0 1 1 0 0 0 1 0 0 . 0 0
O 0 1 0 0 0 0 0 1 0 0 1 0 0 0 . 1
P 0 0 1 0 0 0 0 1 0 0 0 0 1 0 1 .
Bad tabling
0 1 0 1 0 0 2 2 1 2 2 2 0 2 0 1 
1 2 2 2 2 0 1 2 0 0 1 0 1 0 2 0 
1 0 2 0 0 2 1 0 2 2 1 0 1 0 2 2 
2 1 0 1 2 2 0 0 1 0 0 2 2 2 0 1 
