MKBL SCTI JARE FHNG OPQD
AIHP EFLD NKCO TBRQ GSJM
JFQC GOBA MDHT EPKS INLR
NBDS CPMR QEGI LJOH AKFT

Score = 8
Old Score = 0
Bad seating
  A B C D E F G H I J K L M N O P Q R S T U V W X
A . 1 0 0 1 1 1 1 1 1 1 0 0 0 1 1 0 1 0 1
B 1 . 0 1 0 0 1 0 0 0 1 1 1 1 1 0 1 1 1 1
C 0 0 . 0 0 1 0 0 1 1 1 0 1 1 1 1 1 1 1 1
D 0 1 0 . 1 1 0 1 0 0 0 1 1 1 1 1 1 0 1 1
E 1 0 0 1 . 1 1 0 1 1 1 1 0 0 0 1 1 1 1 0
F 1 0 1 1 1 . 1 1 0 1 1 1 0 1 0 0 1 0 0 1
G 1 1 0 0 1 1 . 1 1 1 0 0 1 1 1 0 1 0 1 0
H 1 0 0 1 0 1 1 . 1 1 0 1 1 1 1 1 0 0 0 1
I 1 0 1 0 1 0 1 1 . 0 0 1 0 1 0 1 1 1 1 1
J 1 0 1 0 1 1 1 1 0 . 0 1 1 0 1 0 1 1 1 0
K 1 1 1 0 1 1 0 0 0 0 . 1 1 1 1 1 0 0 1 1
L 0 1 0 1 1 1 0 1 1 1 1 . 1 1 1 0 0 1 0 0
M 0 1 1 1 0 0 1 1 0 1 1 1 . 0 0 1 0 1 1 1
N 0 1 1 1 0 1 1 1 1 0 1 1 0 . 1 0 0 1 1 0
O 1 1 1 1 0 0 1 1 0 1 1 1 0 1 . 1 1 0 0 0
P 1 0 1 1 1 0 0 1 1 0 1 0 1 0 1 . 1 1 1 0
Q 0 1 1 1 1 1 1 0 1 1 0 0 0 0 1 1 . 1 0 1
R 1 1 1 0 1 0 0 0 1 1 0 1 1 1 0 1 1 . 0 1
S 0 1 1 1 1 0 1 0 1 1 1 0 1 1 0 1 0 0 . 1
T 1 1 1 1 0 1 0 1 1 0 1 0 1 0 0 0 1 1 1 .
Bad partnerings
  A B C D E F G H I J K L M N O P Q R S T U V W X
A . 1 0 0 0 0 0 0 1 1 1 0 0 0 0 0 0 0 0 0
B 1 . 0 0 0 0 0 0 0 0 0 1 0 1 0 0 0 0 0 1
C 0 0 . 0 0 0 0 0 0 0 0 0 0 0 1 1 1 0 1 0
D 0 0 0 . 0 0 0 0 0 0 0 1 1 0 0 0 1 0 1 0
E 0 0 0 0 . 1 0 0 0 0 0 0 0 0 0 1 1 1 0 0
F 0 0 0 0 1 . 0 1 0 1 0 0 0 0 0 0 0 0 0 1
G 0 0 0 0 0 0 . 0 1 0 0 0 0 1 1 0 0 0 1 0
H 0 0 0 0 0 1 0 . 0 0 0 0 0 0 1 1 0 0 0 1
I 1 0 0 0 0 0 1 0 . 0 0 0 0 1 0 0 0 0 0 1
J 1 0 0 0 0 1 0 0 0 . 0 1 1 0 0 0 0 0 0 0
K 1 0 0 0 0 0 0 0 0 0 . 0 1 1 0 0 0 0 1 0
L 0 1 0 1 0 0 0 0 0 1 0 . 0 0 0 0 0 1 0 0
M 0 0 0 1 0 0 0 0 0 1 1 0 . 0 0 0 0 1 0 0
N 0 1 0 0 0 0 1 0 1 0 1 0 0 . 0 0 0 0 0 0
O 0 0 1 0 0 0 1 1 0 0 0 0 0 0 . 1 0 0 0 0
P 0 0 1 0 1 0 0 1 0 0 0 0 0 0 1 . 0 0 0 0
Q 0 0 1 1 1 0 0 0 0 0 0 0 0 0 0 0 . 1 0 0
R 0 0 0 0 1 0 0 0 0 0 0 1 1 0 0 0 1 . 0 0
S 0 0 1 1 0 0 1 0 0 0 1 0 0 0 0 0 0 0 . 0
T 0 1 0 0 0 1 0 1 1 0 0 0 0 0 0 0 0 0 0 .
Bad tabling
1 2 1 1 0 1 0 1 1 1 1 1 1 1 0 1 1 0 1 0 
1 1 2 1 1 1 1 0 1 0 0 1 1 0 1 1 0 1 1 1 
1 0 1 1 2 0 1 1 1 1 1 0 1 1 1 0 1 1 0 1 
0 1 0 0 1 1 1 2 0 1 1 1 0 1 1 1 1 1 1 1 
1 0 0 1 0 1 1 0 1 1 1 1 1 1 1 1 1 1 1 1 
