Population = 100	MaxIter = 1000000
TermCount = 500000	MaxSwap = 10
Opt = 0
Iteration Best Cnt  Score   Mutates   Cross-Ovr Inserts
        0         1 308, 38         0         1         1 363   1
    10000      4739 215, 31      3889     10000      1039 215   1
    20000      3856 214, 30      4732     10000       115 214   1
    30000     13856 214, 30      4038     10000        29 215   1
    40000     23856 214, 30      3778     10000        27 214   2
    50000     33856 214, 30      3633     10000        16 214   2
    60000       346 212, 30      3641     10000        20 212   1
    70000     10346 212, 30      3541     10000        14 213   1
    80000     20346 212, 30      3415     10000        17 214   2
    90000     30346 212, 30      3495     10000        18 212   2
   100000     40346 212, 30      3457     10000        10 213   1
   110000     50346 212, 30      3543     10000        10 212   1
   120000     60346 212, 30      3440     10000        13 212   1
   130000     70346 212, 30      3264     10000        13 214   1
   140000     80346 212, 30      3224     10000         3 212   2
   150000     90346 212, 30      3211     10000         1 215   1
   160000    100346 212, 30      3178     10000         1 215   2
   170000    110346 212, 30      3180     10000         1 215   1
   180000      2250 210, 30      3140     10000         8 210   1
   190000     12250 210, 30      2851     10000         7 212   1
   200000     22250 210, 30      2946     10000         3 214   1
   210000     32250 210, 30      2928     10000         2 214   1
   220000     42250 210, 30      2811     10000         0 999   0
   230000     52250 210, 30      2848     10000         1 214   2
   240000     62250 210, 30      2832     10000         1 214   2
   250000     72250 210, 30      2772     10000         0 999   0
   260000     82250 210, 30      2937     10000         1 214   2
   270000     92250 210, 30      2929     10000         2 214   2
   280000    102250 210, 30      2826     10000         2 213   2
   290000    112250 210, 30      2939     10000         2 214   2
   300000    122250 210, 30      2752     10000         2 214   3
   310000    132250 210, 30      2906     10000         1 213   2
   320000    142250 210, 30      2609     10000         0 999   0
   330000    152250 210, 30      2818     10000         3 214   2
   340000    162250 210, 30      2804     10000         1 214   1
   350000    172250 210, 30      2722     10000         2 213   2
   360000    182250 210, 30      2763     10000         0 999   0
   370000    192250 210, 30      2667     10000         1 214   2
   380000    202250 210, 30      2727     10000         2 212   2
   390000    212250 210, 30      2619     10000         2 214   1
   400000    222250 210, 30      2641     10000         0 999   0
   410000    232250 210, 30      2687     10000         1 214   1
   420000    242250 210, 30      2594     10000         1 214   2
   430000    252250 210, 30      2596     10000         5 214   2
   440000    262250 210, 30      2498     10000         1 214   1
   450000    272250 210, 30      2392     10000         2 210   1
   460000    282250 210, 30      2440     10000         2 214   2
   470000    292250 210, 30      2430     10000         2 214   1
   480000    302250 210, 30      2472     10000         0 999   0
   490000    312250 210, 30      2476     10000         1 214   2
   500000    322250 210, 30      2515     10000         2 214   2
   510000    332250 210, 30      2480     10000         0 999   0
   520000    342250 210, 30      2494     10000         0 999   0
   530000    352250 210, 30      2477     10000         0 999   0
   540000    362250 210, 30      2547     10000         1 214   2
   550000    372250 210, 30      2392     10000         1 213   2
   560000    382250 210, 30      2515     10000         2 210   1
   570000    392250 210, 30      2474     10000         1 213   1
   580000    402250 210, 30      2548     10000         0 999   0
   590000    412250 210, 30      2520     10000         1 213   2
   600000    422250 210, 30      2520     10000         0 999   0
   610000    432250 210, 30      2485     10000         0 999   0
   620000    442250 210, 30      2423     10000         0 999   0
   630000    452250 210, 30      2373     10000         0 999   0
   640000    462250 210, 30      2486     10000         0 999   0
   650000    472250 210, 30      2556     10000         0 999   0
   660000    482250 210, 30      2446     10000         0 999   0
   670000    492250 210, 30      2399     10000         0 999   0

   677751    500001 210, 30      1892      7750         2  *


Total Time = 74 seconds; Search Time = 74 seconds.
Terminated due to Maximum Patience Reached
Best Configuration:
HAJC KIBF EDLG
FHDG ACEI JKBL
LCBD JGFA IHEK
JELF HCGK BIDA
AGIL BJHE DCKF

Score = 210
Old Score = 30
Bad seating
  A B C D E F G H I J K L M N O P Q R S T U V W X
A . 1 2 1 1 1 2 1 3 2 0 1
B 1 . 1 2 1 1 0 1 2 2 2 2
C 2 1 . 2 1 1 1 2 1 1 2 1
D 1 2 2 . 1 2 2 1 1 0 1 2
E 1 1 1 1 . 1 1 2 2 2 1 2
F 1 1 1 2 1 . 2 1 1 2 2 1
G 2 0 1 2 1 2 . 2 1 1 1 2
H 1 1 2 1 2 1 2 . 1 2 2 0
I 3 2 1 1 2 1 1 1 . 0 2 1
J 2 2 1 0 2 2 1 2 0 . 1 2
K 0 2 2 1 1 2 1 2 2 1 . 1
L 1 2 1 2 2 1 2 0 1 2 1 .
Bad partnerings
  A B C D E F G H I J K L M N O P Q R S T U V W X
A . 0 1 1 0 1 1 1 0 0 0 0
B 0 . 0 1 0 1 0 0 1 1 0 1
C 1 0 . 1 0 0 0 1 0 1 0 1
D 1 1 1 . 1 0 1 0 0 0 0 0
E 0 0 0 1 . 0 0 1 1 1 1 0
F 1 1 0 0 0 . 0 1 0 0 1 1
G 1 0 0 1 0 0 . 0 0 1 1 1
H 1 0 1 0 1 1 0 . 1 0 0 0
I 0 1 0 0 1 0 0 1 . 0 1 1
J 0 1 1 0 1 0 1 0 0 . 1 0
K 0 0 0 0 1 1 1 0 1 1 . 0
L 0 1 1 0 0 1 1 0 1 0 0 .
Bad tabling
2 1 2 2 1 2 2 2 1 2 0 3 
2 2 2 0 2 2 2 2 2 2 2 0 
1 2 1 3 2 1 1 1 2 1 3 2 
