Population = 100	MaxIter = 1000000
TermCount = 500000	MaxSwap = 10
Opt = 0
Iteration Best Cnt  Score   Mutates   Cross-Ovr Inserts
        0         1 148, 20         0         1         1 217   1
    10000      2050 126, 18      3952     10000       809 126   1
    20000     12050 126, 18      4451     10000        66 126   1
    30000     22050 126, 18      4127     10000        38 126   2
    40000     32050 126, 18      3624     10000        35 126   1
    50000     42050 126, 18      3544     10000        19 126   1
    60000     52050 126, 18      3396     10000        13 126   1
    70000     62050 126, 18      3259     10000         6 126   1
    80000     72050 126, 18      3147     10000         2 126   2
    90000     82050 126, 18      3213     10000         2 126   2
   100000     92050 126, 18      3327     10000         3 126   2
   110000    102050 126, 18      3166     10000         0 999   0
   120000    112050 126, 18      3137     10000         5 126   1
   130000    122050 126, 18      3035     10000         1 126   1
   140000    132050 126, 18      3159     10000         1 126   2
   150000    142050 126, 18      3193     10000         1 126   2
   160000    152050 126, 18      2971     10000         0 999   0
   170000    162050 126, 18      3090     10000         0 999   0
   180000    172050 126, 18      3058     10000         1 126   2
   190000    182050 126, 18      3100     10000         1 126   1
   200000    192050 126, 18      3066     10000         2 126   2
   210000    202050 126, 18      3075     10000         0 999   0
   220000    212050 126, 18      3051     10000         0 999   0
   230000    222050 126, 18      3078     10000         0 999   0
   240000    232050 126, 18      3044     10000         0 999   0
   250000    242050 126, 18      2976     10000         2 126   2
   260000    252050 126, 18      2934     10000         4 126   2
   270000    262050 126, 18      2901     10000         3 126   1
   280000    272050 126, 18      2982     10000         4 126   3
   290000    282050 126, 18      2776     10000         2 126   2
   300000    292050 126, 18      2791     10000         0 999   0
   310000    302050 126, 18      2839     10000         0 999   0
   320000    312050 126, 18      2787     10000         2 126   2
   330000    322050 126, 18      2808     10000         0 999   0
   340000    332050 126, 18      2833     10000         0 999   0
   350000    342050 126, 18      2820     10000         0 999   0
   360000    352050 126, 18      2759     10000         0 999   0
   370000    362050 126, 18      2832     10000         3 126   2
   380000    372050 126, 18      2700     10000         4 126   1
   390000    382050 126, 18      2691     10000         3 126   2
   400000    392050 126, 18      2617     10000         3 126   1
   410000    402050 126, 18      2631     10000         5 126   1
   420000    412050 126, 18      2482     10000         5 126   1
   430000    422050 126, 18      2481     10000         6 126   1
   440000    432050 126, 18      2344     10000         1 126   1
   450000    442050 126, 18      2437     10000         1 126   1
   460000    452050 126, 18      2404     10000         0 999   0
   470000    462050 126, 18      2419     10000         0 999   0
   480000    472050 126, 18      2438     10000         0 999   0
   490000    482050 126, 18      2413     10000         0 999   0
   500000    492050 126, 18      2371     10000         0 999   0

   507951    500001 126, 18      1930      7950         0  *


Total Time = 51 seconds; Search Time = 51 seconds.
Terminated due to Maximum Patience Reached
Best Configuration:
DBHL CFEG JKIA
IKFD BGAH JECL
ABKE DJLG CHIF
CGKL BFIJ AEDH

Score = 126
Old Score = 18
Bad seating
  A B C D E F G H I J K L M N O P Q R S T U V W X
A . 2 0 1 2 0 1 2 1 1 2 0
B 2 . 0 1 1 1 1 2 1 1 1 1
C 0 0 . 0 2 2 2 1 1 1 1 2
D 1 1 0 . 1 1 1 2 1 1 1 2
E 2 1 2 1 . 1 1 1 0 1 1 1
F 0 1 2 1 1 . 1 1 3 1 1 0
G 1 1 2 1 1 1 . 1 0 1 1 2
H 2 2 1 2 1 1 1 . 1 0 0 1
I 1 1 1 1 0 3 0 1 . 2 2 0
J 1 1 1 1 1 1 1 0 2 . 1 2
K 2 1 1 1 1 1 1 0 2 1 . 1
L 0 1 2 2 1 0 2 1 0 2 1 .
Bad partnerings
  A B C D E F G H I J K L M N O P Q R S T U V W X
A . 1 0 0 1 0 0 1 1 0 0 0
B 1 . 0 1 0 1 1 0 0 0 0 0
C 0 0 . 0 0 1 1 1 0 0 0 1
D 0 1 0 . 0 1 0 1 0 1 0 0
E 1 0 0 0 . 0 1 0 0 1 1 0
F 0 1 1 1 0 . 0 0 1 0 0 0
G 0 1 1 0 1 0 . 0 0 0 0 1
H 1 0 1 1 0 0 0 . 0 0 0 1
I 1 0 0 0 0 1 0 0 . 1 1 0
J 0 0 0 1 1 0 0 0 1 . 1 0
K 0 0 0 0 1 0 0 0 1 1 . 1
L 0 0 1 0 0 0 1 1 0 0 1 .
Bad tabling
1 2 1 2 1 1 1 1 1 0 3 2 
1 2 1 1 1 2 3 1 1 2 0 1 
2 0 2 1 2 1 0 2 2 2 1 1 
